     FLOAT      ,     FLOAT      ,     FLOAT      ,    INT     ,     FLOAT      ,    FLOAT     ,    FLOAT     ,    FLOAT     ,    FLOAT     ,    FLOAT     ,    FLOAT     ,    FLOAT     ,    FLOAT     ,    FLOAT     ,    FLOAT     ,     FLOAT      
      Myr       ,      Myr       ,      Myr       ,     -      ,       -        ,     Msol     ,     Msol     ,     Rsol     ,     Rsol     ,     Lsol     ,     Tsol     ,     Msol     ,     Msol     ,     Msol     ,  Msol yr^-1  ,      Myr       
      Age       ,       dT       ,      Time      ,Stellar_Type,Metallicity@ZAMS,    Mass_0    ,     Mass     ,    Radius    ,    R@ZAMS    ,  Luminosity  ,     Teff     ,  Mass_Core   , Mass_CO_Core , Mass_He_Core ,     Mdot     ,      tMS       
  3.19820016e-02,  3.19696545e-02,  3.19696545e-02,           1,    1.420000e-02,  1.412839e+02,  1.412839e+02,  2.029813e+01,  2.012205e+01,  2.249401e+06,  8.595848e+00,  0.000000e+00,  0.000000e+00,  0.000000e+00,  1.286019e-05,  3.19696545e+00
  6.39890749e-02,  3.19820016e-02,  6.39516562e-02,           1,    1.420000e-02,  1.408695e+02,  1.408695e+02,  2.043611e+01,  2.012205e+01,  2.249214e+06,  8.566602e+00,  0.000000e+00,  0.000000e+00,  0.000000e+00,  1.295564e-05,  3.19820016e+00
  9.60217978e-02,  3.19945374e-02,  9.59461936e-02,           1,    1.420000e-02,  1.404519e+02,  1.404519e+02,  2.057427e+01,  2.012205e+01,  2.249131e+06,  8.537711e+00,  0.000000e+00,  0.000000e+00,  0.000000e+00,  1.305182e-05,  3.19945374e+00
  1.28080765e-01,  3.20072659e-02,  1.27953460e-01,           1,    1.420000e-02,  1.400311e+02,  1.400311e+02,  2.071268e+01,  2.012205e+01,  2.249151e+06,  8.509157e+00,  0.000000e+00,  0.000000e+00,  0.000000e+00,  1.314878e-05,  3.20072659e+00
  1.60166588e-01,  3.20201912e-02,  1.59973651e-01,           1,    1.420000e-02,  1.396069e+02,  1.396069e+02,  2.085139e+01,  2.012205e+01,  2.249270e+06,  8.480920e+00,  0.000000e+00,  0.000000e+00,  0.000000e+00,  1.324654e-05,  3.20201912e+00
  1.92279898e-01,  3.20333177e-02,  1.92006968e-01,           1,    1.420000e-02,  1.391794e+02,  1.391794e+02,  2.099046e+01,  2.012205e+01,  2.249486e+06,  8.452980e+00,  0.000000e+00,  0.000000e+00,  0.000000e+00,  1.334515e-05,  3.20333177e+00
  2.24421342e-01,  3.20466496e-02,  2.24053618e-01,           1,    1.420000e-02,  1.387486e+02,  1.387486e+02,  2.112996e+01,  2.012205e+01,  2.249795e+06,  8.425319e+00,  0.000000e+00,  0.000000e+00,  0.000000e+00,  1.344464e-05,  3.20466496e+00
  2.56591591e-01,  3.20601918e-02,  2.56113810e-01,           1,    1.420000e-02,  1.383143e+02,  1.383143e+02,  2.126996e+01,  2.012205e+01,  2.250193e+06,  8.397918e+00,  0.000000e+00,  0.000000e+00,  0.000000e+00,  1.354503e-05,  3.20601918e+00
  2.88791331e-01,  3.20739488e-02,  2.88187759e-01,           1,    1.420000e-02,  1.378766e+02,  1.378766e+02,  2.141052e+01,  2.012205e+01,  2.250679e+06,  8.370757e+00,  0.000000e+00,  0.000000e+00,  0.000000e+00,  1.364634e-05,  3.20739488e+00
  3.21021274e-01,  3.20879257e-02,  3.20275684e-01,           1,    1.420000e-02,  1.374355e+02,  1.374355e+02,  2.155172e+01,  2.012205e+01,  2.251248e+06,  8.343819e+00,  0.000000e+00,  0.000000e+00,  0.000000e+00,  1.374861e-05,  3.20879257e+00
  3.53282153e-01,  3.21021274e-02,  3.52377812e-01,           1,    1.420000e-02,  1.369908e+02,  1.369908e+02,  2.169363e+01,  2.012205e+01,  2.251898e+06,  8.317084e+00,  0.000000e+00,  0.000000e+00,  0.000000e+00,  1.385185e-05,  3.21021274e+00
  3.85574721e-01,  3.21165593e-02,  3.84494371e-01,           1,    1.420000e-02,  1.365426e+02,  1.365426e+02,  2.183631e+01,  2.012205e+01,  2.252624e+06,  8.290534e+00,  0.000000e+00,  0.000000e+00,  0.000000e+00,  1.395606e-05,  3.21165593e+00
  4.17899757e-01,  3.21312267e-02,  4.16625598e-01,           1,    1.420000e-02,  1.360908e+02,  1.360908e+02,  2.197985e+01,  2.012205e+01,  2.253423e+06,  8.264152e+00,  0.000000e+00,  0.000000e+00,  0.000000e+00,  1.406127e-05,  3.21312267e+00
  4.50258067e-01,  3.21461352e-02,  4.48771733e-01,           1,    1.420000e-02,  1.356353e+02,  1.356353e+02,  2.212432e+01,  2.012205e+01,  2.254292e+06,  8.237919e+00,  0.000000e+00,  0.000000e+00,  0.000000e+00,  1.416746e-05,  3.21461352e+00
  4.82650477e-01,  3.21612905e-02,  4.80933023e-01,           1,    1.420000e-02,  1.351762e+02,  1.351762e+02,  2.226981e+01,  2.012205e+01,  2.255226e+06,  8.211817e+00,  0.000000e+00,  0.000000e+00,  0.000000e+00,  1.427465e-05,  3.21612905e+00
  5.15077843e-01,  3.21766984e-02,  5.13109722e-01,           1,    1.420000e-02,  1.347134e+02,  1.347134e+02,  2.241639e+01,  2.012205e+01,  2.256223e+06,  8.185829e+00,  0.000000e+00,  0.000000e+00,  0.000000e+00,  1.438283e-05,  3.21766984e+00
  5.47541048e-01,  3.21923652e-02,  5.45302087e-01,           1,    1.420000e-02,  1.342469e+02,  1.342469e+02,  2.256415e+01,  2.012205e+01,  2.257278e+06,  8.159936e+00,  0.000000e+00,  0.000000e+00,  0.000000e+00,  1.449199e-05,  3.21923652e+00
  5.80041003e-01,  3.22082970e-02,  5.77510384e-01,           1,    1.420000e-02,  1.337766e+02,  1.337766e+02,  2.271317e+01,  2.012205e+01,  2.258387e+06,  8.134122e+00,  0.000000e+00,  0.000000e+00,  0.000000e+00,  1.460211e-05,  3.22082970e+00
  6.12578646e-01,  3.22245002e-02,  6.09734884e-01,           1,    1.420000e-02,  1.333025e+02,  1.333025e+02,  2.286355e+01,  2.012205e+01,  2.259546e+06,  8.108369e+00,  0.000000e+00,  0.000000e+00,  0.000000e+00,  1.471318e-05,  3.22245002e+00
  6.45154946e-01,  3.22409813e-02,  6.41975866e-01,           1,    1.420000e-02,  1.328245e+02,  1.328245e+02,  2.301536e+01,  2.012205e+01,  2.260752e+06,  8.082660e+00,  0.000000e+00,  0.000000e+00,  0.000000e+00,  1.482518e-05,  3.22409813e+00
  6.77770905e-01,  3.22577473e-02,  6.74233613e-01,           1,    1.420000e-02,  1.323426e+02,  1.323426e+02,  2.316871e+01,  2.012205e+01,  2.262000e+06,  8.056979e+00,  0.000000e+00,  0.000000e+00,  0.000000e+00,  1.493806e-05,  3.22577473e+00
  7.10427552e-01,  3.22748050e-02,  7.06508418e-01,           1,    1.420000e-02,  1.318568e+02,  1.318568e+02,  2.332369e+01,  2.012205e+01,  2.263286e+06,  8.031307e+00,  0.000000e+00,  0.000000e+00,  0.000000e+00,  1.505181e-05,  3.22748050e+00
  7.43125953e-01,  3.22921615e-02,  7.38800579e-01,           1,    1.420000e-02,  1.313671e+02,  1.313671e+02,  2.348040e+01,  2.012205e+01,  2.264606e+06,  8.005629e+00,  0.000000e+00,  0.000000e+00,  0.000000e+00,  1.516637e-05,  3.22921615e+00
  7.75867205e-01,  3.23098241e-02,  7.71110403e-01,           1,    1.420000e-02,  1.308733e+02,  1.308733e+02,  2.363893e+01,  2.012205e+01,  2.265955e+06,  7.979927e+00,  0.000000e+00,  0.000000e+00,  0.000000e+00,  1.528171e-05,  3.23098241e+00
  8.08652439e-01,  3.23278002e-02,  8.03438204e-01,           1,    1.420000e-02,  1.303756e+02,  1.303756e+02,  2.379939e+01,  2.012205e+01,  2.267329e+06,  7.954186e+00,  0.000000e+00,  0.000000e+00,  0.000000e+00,  1.539775e-05,  3.23278002e+00
  8.41482821e-01,  3.23460975e-02,  8.35784301e-01,           1,    1.420000e-02,  1.298737e+02,  1.298737e+02,  2.396188e+01,  2.012205e+01,  2.268724e+06,  7.928389e+00,  0.000000e+00,  0.000000e+00,  0.000000e+00,  1.551446e-05,  3.23460975e+00
  8.74359554e-01,  3.23647239e-02,  8.68149025e-01,           1,    1.420000e-02,  1.293678e+02,  1.293678e+02,  2.412652e+01,  2.012205e+01,  2.270135e+06,  7.902520e+00,  0.000000e+00,  0.000000e+00,  0.000000e+00,  1.563175e-05,  3.23647239e+00
  9.07283876e-01,  3.23836872e-02,  9.00532712e-01,           1,    1.420000e-02,  1.288578e+02,  1.288578e+02,  2.429341e+01,  2.012205e+01,  2.271557e+06,  7.876562e+00,  0.000000e+00,  0.000000e+00,  0.000000e+00,  1.574957e-05,  3.23836872e+00
  9.40257065e-01,  3.24029956e-02,  9.32935708e-01,           1,    1.420000e-02,  1.283436e+02,  1.283436e+02,  2.446266e+01,  2.012205e+01,  2.272986e+06,  7.850500e+00,  0.000000e+00,  0.000000e+00,  0.000000e+00,  1.586781e-05,  3.24029956e+00
  9.73280433e-01,  3.24226574e-02,  9.65358365e-01,           1,    1.420000e-02,  1.278253e+02,  1.278253e+02,  2.463441e+01,  2.012205e+01,  2.274418e+06,  7.824318e+00,  0.000000e+00,  0.000000e+00,  0.000000e+00,  1.598640e-05,  3.24226574e+00
  1.00635533e+00,  3.24426811e-02,  9.97801046e-01,           1,    1.420000e-02,  1.273028e+02,  1.273028e+02,  2.480876e+01,  2.012205e+01,  2.275847e+06,  7.798000e+00,  0.000000e+00,  0.000000e+00,  0.000000e+00,  1.610524e-05,  3.24426811e+00
  1.03948316e+00,  3.24630753e-02,  1.03026412e+00,           1,    1.420000e-02,  1.267761e+02,  1.267761e+02,  2.498585e+01,  2.012205e+01,  2.277269e+06,  7.771531e+00,  0.000000e+00,  0.000000e+00,  0.000000e+00,  1.622423e-05,  3.24630753e+00
  1.07266534e+00,  3.24838487e-02,  1.06274797e+00,           1,    1.420000e-02,  1.262452e+02,  1.262452e+02,  2.516580e+01,  2.012205e+01,  2.278680e+06,  7.744893e+00,  0.000000e+00,  0.000000e+00,  0.000000e+00,  1.634325e-05,  3.24838487e+00
  1.10590335e+00,  3.25050103e-02,  1.09525298e+00,           1,    1.420000e-02,  1.257101e+02,  1.257101e+02,  2.534876e+01,  2.012205e+01,  2.280075e+06,  7.718073e+00,  0.000000e+00,  0.000000e+00,  0.000000e+00,  1.646218e-05,  3.25050103e+00
  1.13919869e+00,  3.25265690e-02,  1.12777955e+00,           1,    1.420000e-02,  1.251708e+02,  1.251708e+02,  2.553487e+01,  2.012205e+01,  2.281448e+06,  7.691053e+00,  0.000000e+00,  0.000000e+00,  0.000000e+00,  1.658089e-05,  3.25265690e+00
  1.17255293e+00,  3.25485341e-02,  1.16032808e+00,           1,    1.420000e-02,  1.246273e+02,  1.246273e+02,  2.572427e+01,  2.012205e+01,  2.282796e+06,  7.663819e+00,  0.000000e+00,  0.000000e+00,  0.000000e+00,  1.669923e-05,  3.25485341e+00
  1.20596766e+00,  3.25709148e-02,  1.19289900e+00,           1,    1.420000e-02,  1.240795e+02,  1.240795e+02,  2.591712e+01,  2.012205e+01,  2.284113e+06,  7.636354e+00,  0.000000e+00,  0.000000e+00,  0.000000e+00,  1.681707e-05,  3.25709148e+00
  1.23944450e+00,  3.25937205e-02,  1.22549272e+00,           1,    1.420000e-02,  1.235276e+02,  1.235276e+02,  2.611358e+01,  2.012205e+01,  2.285396e+06,  7.608642e+00,  0.000000e+00,  0.000000e+00,  0.000000e+00,  1.693424e-05,  3.25937205e+00
  1.27298515e+00,  3.26169607e-02,  1.25810968e+00,           1,    1.420000e-02,  1.229714e+02,  1.229714e+02,  2.631382e+01,  2.012205e+01,  2.286639e+06,  7.580667e+00,  0.000000e+00,  0.000000e+00,  0.000000e+00,  1.705057e-05,  3.26169607e+00
  1.30659130e+00,  3.26406448e-02,  1.29075032e+00,           1,    1.420000e-02,  1.224111e+02,  1.224111e+02,  2.651803e+01,  2.012205e+01,  2.287838e+06,  7.552412e+00,  0.000000e+00,  0.000000e+00,  0.000000e+00,  1.716588e-05,  3.26406448e+00
  1.34026471e+00,  3.26647824e-02,  1.32341511e+00,           1,    1.420000e-02,  1.218467e+02,  1.218467e+02,  2.672639e+01,  2.012205e+01,  2.288988e+06,  7.523860e+00,  0.000000e+00,  0.000000e+00,  0.000000e+00,  1.727997e-05,  3.26647824e+00
  1.37400719e+00,  3.26893833e-02,  1.35610449e+00,           1,    1.420000e-02,  1.212781e+02,  1.212781e+02,  2.693911e+01,  2.012205e+01,  2.290086e+06,  7.494994e+00,  0.000000e+00,  0.000000e+00,  0.000000e+00,  1.739265e-05,  3.26893833e+00
  1.40782056e+00,  3.27144569e-02,  1.38881895e+00,           1,    1.420000e-02,  1.207055e+02,  1.207055e+02,  2.715640e+01,  2.012205e+01,  2.291127e+06,  7.465797e+00,  0.000000e+00,  0.000000e+00,  0.000000e+00,  1.750369e-05,  3.27144569e+00
  1.44170668e+00,  3.27400129e-02,  1.42155896e+00,           1,    1.420000e-02,  1.201288e+02,  1.201288e+02,  2.737850e+01,  2.012205e+01,  2.292107e+06,  7.436249e+00,  0.000000e+00,  0.000000e+00,  0.000000e+00,  1.761287e-05,  3.27400129e+00
  1.47566746e+00,  3.27660609e-02,  1.45432502e+00,           1,    1.420000e-02,  1.195482e+02,  1.195482e+02,  2.760565e+01,  2.012205e+01,  2.293022e+06,  7.406331e+00,  0.000000e+00,  0.000000e+00,  0.000000e+00,  1.771994e-05,  3.27660609e+00
  1.50970484e+00,  3.27926103e-02,  1.48711763e+00,           1,    1.420000e-02,  1.189637e+02,  1.189637e+02,  2.783811e+01,  2.012205e+01,  2.293869e+06,  7.376023e+00,  0.000000e+00,  0.000000e+00,  0.000000e+00,  1.782465e-05,  3.27926103e+00
  1.54382078e+00,  3.28196705e-02,  1.51993730e+00,           1,    1.420000e-02,  1.183754e+02,  1.183754e+02,  2.807618e+01,  2.012205e+01,  2.294643e+06,  7.345304e+00,  0.000000e+00,  0.000000e+00,  0.000000e+00,  1.792672e-05,  3.28196705e+00
  1.57801728e+00,  3.28472507e-02,  1.55278455e+00,           1,    1.420000e-02,  1.177833e+02,  1.177833e+02,  2.832016e+01,  2.012205e+01,  2.295342e+06,  7.314152e+00,  0.000000e+00,  0.000000e+00,  0.000000e+00,  1.802586e-05,  3.28472507e+00
  1.61229634e+00,  3.28753600e-02,  1.58565991e+00,           1,    1.420000e-02,  1.171875e+02,  1.171875e+02,  2.857040e+01,  2.012205e+01,  2.295963e+06,  7.282543e+00,  0.000000e+00,  0.000000e+00,  0.000000e+00,  1.812176e-05,  3.28753600e+00
  1.64666001e+00,  3.29040070e-02,  1.61856392e+00,           1,    1.420000e-02,  1.165882e+02,  1.165882e+02,  2.882726e+01,  2.012205e+01,  2.296503e+06,  7.250452e+00,  0.000000e+00,  0.000000e+00,  0.000000e+00,  1.821411e-05,  3.29040070e+00
  1.68111033e+00,  3.29332002e-02,  1.65149712e+00,           1,    1.420000e-02,  1.159854e+02,  1.159854e+02,  2.909113e+01,  2.012205e+01,  2.296959e+06,  7.217852e+00,  0.000000e+00,  0.000000e+00,  0.000000e+00,  1.830254e-05,  3.29332002e+00
  1.71564936e+00,  3.29629476e-02,  1.68446007e+00,           1,    1.420000e-02,  1.153794e+02,  1.153794e+02,  2.936247e+01,  2.012205e+01,  2.297329e+06,  7.184714e+00,  0.000000e+00,  0.000000e+00,  0.000000e+00,  1.838670e-05,  3.29629476e+00
  1.75027916e+00,  3.29932570e-02,  1.71745332e+00,           1,    1.420000e-02,  1.147701e+02,  1.147701e+02,  2.964175e+01,  2.012205e+01,  2.297613e+06,  7.151008e+00,  0.000000e+00,  0.000000e+00,  0.000000e+00,  1.846618e-05,  3.29932570e+00
  1.78500179e+00,  3.30241352e-02,  1.75047746e+00,           1,    1.420000e-02,  1.141578e+02,  1.141578e+02,  2.992950e+01,  2.012205e+01,  2.297808e+06,  7.116700e+00,  0.000000e+00,  0.000000e+00,  0.000000e+00,  1.854058e-05,  3.30241352e+00
  1.81981928e+00,  3.30555887e-02,  1.78353305e+00,           1,    1.420000e-02,  1.135427e+02,  1.135427e+02,  3.022631e+01,  2.012205e+01,  2.297914e+06,  7.081754e+00,  0.000000e+00,  0.000000e+00,  0.000000e+00,  1.860944e-05,  3.30555887e+00
  1.83725777e+00,  1.65438116e-02,  1.80007686e+00,           1,    1.420000e-02,  1.132363e+02,  1.132363e+02,  3.030945e+01,  2.012205e+01,  2.287368e+06,  7.063907e+00,  0.000000e+00,  0.000000e+00,  0.000000e+00,  1.851961e-05,  3.30876232e+00
  1.85472055e+00,  1.65518718e-02,  1.81662873e+00,           1,    1.420000e-02,  1.129292e+02,  1.129292e+02,  3.046364e+01,  2.012205e+01,  2.287380e+06,  7.046017e+00,  0.000000e+00,  0.000000e+00,  0.000000e+00,  1.855016e-05,  3.31037435e+00
  1.87220786e+00,  1.65600049e-02,  1.83318874e+00,           1,    1.420000e-02,  1.126216e+02,  1.126216e+02,  3.062042e+01,  2.012205e+01,  2.287371e+06,  7.027948e+00,  0.000000e+00,  0.000000e+00,  0.000000e+00,  1.857910e-05,  3.31200098e+00
  1.88971996e+00,  1.65682112e-02,  1.84975695e+00,           1,    1.420000e-02,  1.123133e+02,  1.123133e+02,  3.077991e+01,  2.012205e+01,  2.287340e+06,  7.009694e+00,  0.000000e+00,  0.000000e+00,  0.000000e+00,  1.860635e-05,  3.31364224e+00
  1.90725708e+00,  1.65764909e-02,  1.86633344e+00,           1,    1.420000e-02,  1.120044e+02,  1.120044e+02,  3.094218e+01,  2.012205e+01,  2.287289e+06,  6.991249e+00,  0.000000e+00,  0.000000e+00,  0.000000e+00,  1.863186e-05,  3.31529818e+00
  1.92481944e+00,  1.65848441e-02,  1.88291828e+00,           1,    1.420000e-02,  1.116950e+02,  1.116950e+02,  3.110737e+01,  2.012205e+01,  2.287216e+06,  6.972607e+00,  0.000000e+00,  0.000000e+00,  0.000000e+00,  1.865554e-05,  3.31696883e+00
  1.94240729e+00,  1.65932710e-02,  1.89951155e+00,           1,    1.420000e-02,  1.113851e+02,  1.113851e+02,  3.127556e+01,  2.012205e+01,  2.287123e+06,  6.953762e+00,  0.000000e+00,  0.000000e+00,  0.000000e+00,  1.867732e-05,  3.31865421e+00
  1.96002085e+00,  1.66017717e-02,  1.91611333e+00,           1,    1.420000e-02,  1.110747e+02,  1.110747e+02,  3.144689e+01,  2.012205e+01,  2.287010e+06,  6.934707e+00,  0.000000e+00,  0.000000e+00,  0.000000e+00,  1.869713e-05,  3.32035434e+00
  1.97766033e+00,  1.66103462e-02,  1.93272367e+00,           1,    1.420000e-02,  1.107639e+02,  1.107639e+02,  3.162148e+01,  2.012205e+01,  2.286877e+06,  6.915436e+00,  0.000000e+00,  0.000000e+00,  0.000000e+00,  1.871488e-05,  3.32206923e+00
  1.99532596e+00,  1.66189944e-02,  1.94934267e+00,           1,    1.420000e-02,  1.104526e+02,  1.104526e+02,  3.179947e+01,  2.012205e+01,  2.286725e+06,  6.895941e+00,  0.000000e+00,  0.000000e+00,  0.000000e+00,  1.873048e-05,  3.32379888e+00
  2.01301793e+00,  1.66277163e-02,  1.96597038e+00,           1,    1.420000e-02,  1.101409e+02,  1.101409e+02,  3.198098e+01,  2.012205e+01,  2.286554e+06,  6.876216e+00,  0.000000e+00,  0.000000e+00,  0.000000e+00,  1.874386e-05,  3.32554326e+00
  2.03073645e+00,  1.66365118e-02,  1.98260689e+00,           1,    1.420000e-02,  1.098289e+02,  1.098289e+02,  3.216617e+01,  2.012205e+01,  2.286365e+06,  6.856251e+00,  0.000000e+00,  0.000000e+00,  0.000000e+00,  1.875492e-05,  3.32730236e+00
  2.04848170e+00,  1.66453807e-02,  1.99925227e+00,           1,    1.420000e-02,  1.095166e+02,  1.095166e+02,  3.235519e+01,  2.012205e+01,  2.286159e+06,  6.836040e+00,  0.000000e+00,  0.000000e+00,  0.000000e+00,  1.876356e-05,  3.32907614e+00
  2.06625386e+00,  1.66543227e-02,  2.01590660e+00,           1,    1.420000e-02,  1.092040e+02,  1.092040e+02,  3.254821e+01,  2.012205e+01,  2.285936e+06,  6.815574e+00,  0.000000e+00,  0.000000e+00,  0.000000e+00,  1.876968e-05,  3.33086455e+00
  2.08405311e+00,  1.66633376e-02,  2.03256993e+00,           1,    1.420000e-02,  1.088911e+02,  1.088911e+02,  3.274540e+01,  2.012205e+01,  2.285697e+06,  6.794844e+00,  0.000000e+00,  0.000000e+00,  0.000000e+00,  1.877319e-05,  3.33266752e+00
  2.10187959e+00,  1.66724249e-02,  2.04924236e+00,           1,    1.420000e-02,  1.085781e+02,  1.085781e+02,  3.294695e+01,  2.012205e+01,  2.285443e+06,  6.773841e+00,  0.000000e+00,  0.000000e+00,  0.000000e+00,  1.877396e-05,  3.33448497e+00
  2.11973347e+00,  1.66815841e-02,  2.06592394e+00,           1,    1.420000e-02,  1.082650e+02,  1.082650e+02,  3.315304e+01,  2.012205e+01,  2.285176e+06,  6.752557e+00,  0.000000e+00,  0.000000e+00,  0.000000e+00,  1.877190e-05,  3.33631682e+00
  2.13761486e+00,  1.66908147e-02,  2.08261476e+00,           1,    1.420000e-02,  1.079518e+02,  1.079518e+02,  3.336388e+01,  2.012205e+01,  2.284895e+06,  6.730980e+00,  0.000000e+00,  0.000000e+00,  0.000000e+00,  1.876689e-05,  3.33816294e+00
  2.15552388e+00,  1.67001161e-02,  2.09931487e+00,           1,    1.420000e-02,  1.076385e+02,  1.076385e+02,  3.357970e+01,  2.012205e+01,  2.284604e+06,  6.709101e+00,  0.000000e+00,  0.000000e+00,  0.000000e+00,  1.875879e-05,  3.34002322e+00
  2.17346064e+00,  1.67094875e-02,  2.11602436e+00,           1,    1.420000e-02,  1.073252e+02,  1.073252e+02,  3.380071e+01,  2.012205e+01,  2.284302e+06,  6.686909e+00,  0.000000e+00,  0.000000e+00,  0.000000e+00,  1.874748e-05,  3.34189750e+00
  2.19142522e+00,  1.67189280e-02,  2.13274329e+00,           1,    1.420000e-02,  1.070120e+02,  1.070120e+02,  3.402717e+01,  2.012205e+01,  2.283991e+06,  6.664394e+00,  0.000000e+00,  0.000000e+00,  0.000000e+00,  1.873284e-05,  3.34378561e+00
  2.20941768e+00,  1.67284368e-02,  2.14947173e+00,           1,    1.420000e-02,  1.066990e+02,  1.066990e+02,  3.425933e+01,  2.012205e+01,  2.283673e+06,  6.641544e+00,  0.000000e+00,  0.000000e+00,  0.000000e+00,  1.871471e-05,  3.34568736e+00
  2.22743806e+00,  1.67380127e-02,  2.16620974e+00,           1,    1.420000e-02,  1.063861e+02,  1.063861e+02,  3.449747e+01,  2.012205e+01,  2.283349e+06,  6.618346e+00,  0.000000e+00,  0.000000e+00,  0.000000e+00,  1.869295e-05,  3.34760255e+00
  2.24548639e+00,  1.67476546e-02,  2.18295739e+00,           1,    1.420000e-02,  1.060734e+02,  1.060734e+02,  3.474187e+01,  2.012205e+01,  2.283021e+06,  6.594789e+00,  0.000000e+00,  0.000000e+00,  0.000000e+00,  1.866741e-05,  3.34953092e+00
  2.26356266e+00,  1.67573611e-02,  2.19971476e+00,           1,    1.420000e-02,  1.057611e+02,  1.057611e+02,  3.499284e+01,  2.012205e+01,  2.282692e+06,  6.570860e+00,  0.000000e+00,  0.000000e+00,  0.000000e+00,  1.863794e-05,  3.35147222e+00
  2.28166684e+00,  1.67671308e-02,  2.21648189e+00,           1,    1.420000e-02,  1.054492e+02,  1.054492e+02,  3.525071e+01,  2.012205e+01,  2.282363e+06,  6.546546e+00,  0.000000e+00,  0.000000e+00,  0.000000e+00,  1.860435e-05,  3.35342616e+00
  2.29979888e+00,  1.67769621e-02,  2.23325885e+00,           1,    1.420000e-02,  1.051377e+02,  1.051377e+02,  3.551583e+01,  2.012205e+01,  2.282036e+06,  6.521832e+00,  0.000000e+00,  0.000000e+00,  0.000000e+00,  1.856649e-05,  3.35539241e+00
  2.31795868e+00,  1.67868531e-02,  2.25004570e+00,           1,    1.420000e-02,  1.048267e+02,  1.048267e+02,  3.578855e+01,  2.012205e+01,  2.281713e+06,  6.496706e+00,  0.000000e+00,  0.000000e+00,  0.000000e+00,  1.852416e-05,  3.35737062e+00
  2.33614613e+00,  1.67968020e-02,  2.26684250e+00,           1,    1.420000e-02,  1.045164e+02,  1.045164e+02,  3.606929e+01,  2.012205e+01,  2.281398e+06,  6.471151e+00,  0.000000e+00,  0.000000e+00,  0.000000e+00,  1.847718e-05,  3.35936041e+00
  2.35436107e+00,  1.68068067e-02,  2.28364931e+00,           1,    1.420000e-02,  1.042067e+02,  1.042067e+02,  3.635843e+01,  2.012205e+01,  2.281093e+06,  6.445152e+00,  0.000000e+00,  0.000000e+00,  0.000000e+00,  1.842534e-05,  3.36136134e+00
  2.37260332e+00,  1.68168648e-02,  2.30046617e+00,           1,    1.420000e-02,  1.038978e+02,  1.038978e+02,  3.665644e+01,  2.012205e+01,  2.280801e+06,  6.418694e+00,  0.000000e+00,  0.000000e+00,  0.000000e+00,  1.836844e-05,  3.36337296e+00
  2.39087263e+00,  1.68269739e-02,  2.31729315e+00,           1,    1.420000e-02,  1.035898e+02,  1.035898e+02,  3.696377e+01,  2.012205e+01,  2.280524e+06,  6.391761e+00,  0.000000e+00,  0.000000e+00,  0.000000e+00,  1.830627e-05,  3.36539478e+00
  2.40916874e+00,  1.68371312e-02,  2.33413028e+00,           1,    1.420000e-02,  1.032827e+02,  1.032827e+02,  3.728094e+01,  2.012205e+01,  2.280267e+06,  6.364335e+00,  0.000000e+00,  0.000000e+00,  0.000000e+00,  1.823860e-05,  3.36742624e+00
  2.42749132e+00,  1.68473339e-02,  2.35097761e+00,           1,    1.420000e-02,  1.029766e+02,  1.029766e+02,  3.760846e+01,  2.012205e+01,  2.280033e+06,  6.336399e+00,  0.000000e+00,  0.000000e+00,  0.000000e+00,  1.816518e-05,  3.36946677e+00
  2.44584001e+00,  1.68575786e-02,  2.36783519e+00,           1,    1.420000e-02,  1.026718e+02,  1.026718e+02,  3.794690e+01,  2.012205e+01,  2.279825e+06,  6.307935e+00,  0.000000e+00,  0.000000e+00,  0.000000e+00,  1.808578e-05,  3.37151573e+00
  2.46421438e+00,  1.68678621e-02,  2.38470305e+00,           1,    1.420000e-02,  1.023681e+02,  1.023681e+02,  3.829687e+01,  2.012205e+01,  2.279647e+06,  6.278924e+00,  0.000000e+00,  0.000000e+00,  0.000000e+00,  1.800014e-05,  3.37357243e+00
  2.48261396e+00,  1.68781807e-02,  2.40158124e+00,           1,    1.420000e-02,  1.020659e+02,  1.020659e+02,  3.865902e+01,  2.012205e+01,  2.279504e+06,  6.249347e+00,  0.000000e+00,  0.000000e+00,  0.000000e+00,  1.790800e-05,  3.37563614e+00
  2.50103820e+00,  1.68885303e-02,  2.41846977e+00,           1,    1.420000e-02,  1.017651e+02,  1.017651e+02,  3.903402e+01,  2.012205e+01,  2.279400e+06,  6.219185e+00,  0.000000e+00,  0.000000e+00,  0.000000e+00,  1.780908e-05,  3.37770606e+00
  2.51948652e+00,  1.68989068e-02,  2.43536867e+00,           1,    1.420000e-02,  1.014659e+02,  1.014659e+02,  3.942261e+01,  2.012205e+01,  2.279339e+06,  6.188416e+00,  0.000000e+00,  0.000000e+00,  0.000000e+00,  1.770308e-05,  3.37978136e+00
  2.52871800e+00,  8.45465277e-03,  2.44382333e+00,           1,    1.420000e-02,  1.013173e+02,  1.013173e+02,  3.956736e+01,  2.012205e+01,  2.273401e+06,  6.173060e+00,  0.000000e+00,  0.000000e+00,  0.000000e+00,  1.758227e-05,  3.38186111e+00
  2.53795528e+00,  8.45725084e-03,  2.45228058e+00,           1,    1.420000e-02,  1.011691e+02,  1.011691e+02,  3.977045e+01,  2.012205e+01,  2.273418e+06,  6.157290e+00,  0.000000e+00,  0.000000e+00,  0.000000e+00,  1.752509e-05,  3.38290033e+00
  2.54719827e+00,  8.45985093e-03,  2.46074043e+00,           1,    1.420000e-02,  1.010213e+02,  1.010213e+02,  3.997734e+01,  2.012205e+01,  2.273449e+06,  6.141357e+00,  0.000000e+00,  0.000000e+00,  0.000000e+00,  1.746602e-05,  3.38394037e+00
  2.55644688e+00,  8.46245272e-03,  2.46920288e+00,           1,    1.420000e-02,  1.008740e+02,  1.008740e+02,  4.018814e+01,  2.012205e+01,  2.273495e+06,  6.125260e+00,  0.000000e+00,  0.000000e+00,  0.000000e+00,  1.740499e-05,  3.38498109e+00
  2.56570100e+00,  8.46505588e-03,  2.47766794e+00,           1,    1.420000e-02,  1.007272e+02,  1.007272e+02,  4.040296e+01,  2.012205e+01,  2.273556e+06,  6.108995e+00,  0.000000e+00,  0.000000e+00,  0.000000e+00,  1.734198e-05,  3.38602235e+00
  2.57496053e+00,  8.46766006e-03,  2.48613560e+00,           1,    1.420000e-02,  1.005809e+02,  1.005809e+02,  4.062192e+01,  2.012205e+01,  2.273632e+06,  6.092560e+00,  0.000000e+00,  0.000000e+00,  0.000000e+00,  1.727695e-05,  3.38706402e+00
  2.58422535e+00,  8.47026489e-03,  2.49460586e+00,           1,    1.420000e-02,  1.004352e+02,  1.004352e+02,  4.084514e+01,  2.012205e+01,  2.273726e+06,  6.075952e+00,  0.000000e+00,  0.000000e+00,  0.000000e+00,  1.720985e-05,  3.38810596e+00
  2.59349537e+00,  8.47287001e-03,  2.50307873e+00,           1,    1.420000e-02,  1.002899e+02,  1.002899e+02,  4.107275e+01,  2.012205e+01,  2.273837e+06,  6.059167e+00,  0.000000e+00,  0.000000e+00,  0.000000e+00,  1.714064e-05,  3.38914801e+00
  2.60277044e+00,  8.47547505e-03,  2.51155421e+00,           1,    1.420000e-02,  1.001453e+02,  1.001453e+02,  4.130488e+01,  2.012205e+01,  2.273966e+06,  6.042203e+00,  0.000000e+00,  0.000000e+00,  0.000000e+00,  1.706928e-05,  3.39019002e+00
  2.61205045e+00,  8.47807960e-03,  2.52003229e+00,           1,    1.420000e-02,  1.000012e+02,  1.000012e+02,  4.154165e+01,  2.012205e+01,  2.274114e+06,  6.025057e+00,  0.000000e+00,  0.000000e+00,  0.000000e+00,  1.699573e-05,  3.39123184e+00
  2.62133526e+00,  8.48068326e-03,  2.52851297e+00,           1,    1.420000e-02,  9.985768e+01,  9.985768e+01,  4.178322e+01,  2.012205e+01,  2.274282e+06,  6.007726e+00,  0.000000e+00,  0.000000e+00,  0.000000e+00,  1.691994e-05,  3.39227331e+00
  2.63062473e+00,  8.48328562e-03,  2.53699625e+00,           1,    1.420000e-02,  9.971481e+01,  9.971481e+01,  4.202973e+01,  2.012205e+01,  2.274471e+06,  5.990207e+00,  0.000000e+00,  0.000000e+00,  0.000000e+00,  1.684187e-05,  3.39331425e+00
  2.63991874e+00,  8.48588624e-03,  2.54548214e+00,           1,    1.420000e-02,  9.957257e+01,  9.957257e+01,  4.228132e+01,  2.012205e+01,  2.274682e+06,  5.972497e+00,  0.000000e+00,  0.000000e+00,  0.000000e+00,  1.676148e-05,  3.39435450e+00
  2.64921711e+00,  8.48848468e-03,  2.55397062e+00,           1,    1.420000e-02,  9.943099e+01,  9.943099e+01,  4.253815e+01,  2.012205e+01,  2.274915e+06,  5.954592e+00,  0.000000e+00,  0.000000e+00,  0.000000e+00,  1.667872e-05,  3.39539387e+00
  2.65851971e+00,  8.49108048e-03,  2.56246171e+00,           1,    1.420000e-02,  9.929010e+01,  9.929010e+01,  4.280039e+01,  2.012205e+01,  2.275172e+06,  5.936489e+00,  0.000000e+00,  0.000000e+00,  0.000000e+00,  1.659355e-05,  3.39643219e+00
  2.66782636e+00,  8.49367318e-03,  2.57095538e+00,           1,    1.420000e-02,  9.914990e+01,  9.914990e+01,  4.306820e+01,  2.012205e+01,  2.275454e+06,  5.918186e+00,  0.000000e+00,  0.000000e+00,  0.000000e+00,  1.650593e-05,  3.39746927e+00
  2.67713690e+00,  8.49626229e-03,  2.57945164e+00,           1,    1.420000e-02,  9.901043e+01,  9.901043e+01,  4.334175e+01,  2.012205e+01,  2.275761e+06,  5.899679e+00,  0.000000e+00,  0.000000e+00,  0.000000e+00,  1.641580e-05,  3.39850492e+00
  2.68645116e+00,  8.49884731e-03,  2.58795049e+00,           1,    1.420000e-02,  9.887170e+01,  9.887170e+01,  4.362123e+01,  2.012205e+01,  2.276094e+06,  5.880965e+00,  0.000000e+00,  0.000000e+00,  0.000000e+00,  1.632312e-05,  3.39953892e+00
  2.69576896e+00,  8.50142773e-03,  2.59645192e+00,           1,    1.420000e-02,  9.873374e+01,  9.873374e+01,  4.390681e+01,  2.012205e+01,  2.276455e+06,  5.862041e+00,  0.000000e+00,  0.000000e+00,  0.000000e+00,  1.622785e-05,  3.40057109e+00
  2.70509011e+00,  8.50400303e-03,  2.60495592e+00,           1,    1.420000e-02,  9.859657e+01,  9.859657e+01,  4.419870e+01,  2.012205e+01,  2.276845e+06,  5.842902e+00,  0.000000e+00,  0.000000e+00,  0.000000e+00,  1.612994e-05,  3.40160121e+00
  2.71441441e+00,  8.50657267e-03,  2.61346249e+00,           1,    1.420000e-02,  9.846022e+01,  9.846022e+01,  4.449709e+01,  2.012205e+01,  2.277265e+06,  5.823547e+00,  0.000000e+00,  0.000000e+00,  0.000000e+00,  1.602935e-05,  3.40262907e+00
  2.72374168e+00,  8.50913610e-03,  2.62197163e+00,           1,    1.420000e-02,  9.832470e+01,  9.832470e+01,  4.480220e+01,  2.012205e+01,  2.277715e+06,  5.803970e+00,  0.000000e+00,  0.000000e+00,  0.000000e+00,  1.592602e-05,  3.40365444e+00
  2.73307169e+00,  8.51169274e-03,  2.63048332e+00,           1,    1.420000e-02,  9.819004e+01,  9.819004e+01,  4.511423e+01,  2.012205e+01,  2.278197e+06,  5.784170e+00,  0.000000e+00,  0.000000e+00,  0.000000e+00,  1.581992e-05,  3.40467709e+00
  2.74240423e+00,  8.51424201e-03,  2.63899756e+00,           1,    1.420000e-02,  9.805628e+01,  9.805628e+01,  4.543341e+01,  2.012205e+01,  2.278713e+06,  5.764143e+00,  0.000000e+00,  0.000000e+00,  0.000000e+00,  1.571100e-05,  3.40569680e+00
  2.75173909e+00,  8.51678332e-03,  2.64751435e+00,           1,    1.420000e-02,  9.792342e+01,  9.792342e+01,  4.575997e+01,  2.012205e+01,  2.279263e+06,  5.743885e+00,  0.000000e+00,  0.000000e+00,  0.000000e+00,  1.559921e-05,  3.40671333e+00
  2.76107603e+00,  8.51931606e-03,  2.65603366e+00,           1,    1.420000e-02,  9.779150e+01,  9.779150e+01,  4.609417e+01,  2.012205e+01,  2.279849e+06,  5.723392e+00,  0.000000e+00,  0.000000e+00,  0.000000e+00,  1.548451e-05,  3.40772642e+00
  2.77041482e+00,  8.52183960e-03,  2.66455550e+00,           1,    1.420000e-02,  9.766055e+01,  9.766055e+01,  4.643624e+01,  2.012205e+01,  2.280471e+06,  5.702662e+00,  0.000000e+00,  0.000000e+00,  0.000000e+00,  1.536685e-05,  3.40873584e+00
  2.77975522e+00,  8.52435329e-03,  2.67307985e+00,           1,    1.420000e-02,  9.753059e+01,  9.753059e+01,  4.678645e+01,  2.012205e+01,  2.281132e+06,  5.681690e+00,  0.000000e+00,  0.000000e+00,  0.000000e+00,  1.524620e-05,  3.40974132e+00
  2.78909697e+00,  8.52685649e-03,  2.68160671e+00,           1,    1.420000e-02,  9.740164e+01,  9.740164e+01,  4.714508e+01,  2.012205e+01,  2.281832e+06,  5.660473e+00,  0.000000e+00,  0.000000e+00,  0.000000e+00,  1.512251e-05,  3.41074260e+00
  2.79843981e+00,  8.52934852e-03,  2.69013606e+00,           1,    1.420000e-02,  9.727374e+01,  9.727374e+01,  4.751240e+01,  2.012205e+01,  2.282573e+06,  5.639008e+00,  0.000000e+00,  0.000000e+00,  0.000000e+00,  1.499573e-05,  3.41173941e+00
  2.80778349e+00,  8.53182870e-03,  2.69866789e+00,           1,    1.420000e-02,  9.714690e+01,  9.714690e+01,  4.788871e+01,  2.012205e+01,  2.283356e+06,  5.617290e+00,  0.000000e+00,  0.000000e+00,  0.000000e+00,  1.486584e-05,  3.41273148e+00
  2.81712772e+00,  8.53429632e-03,  2.70720218e+00,           1,    1.420000e-02,  9.702117e+01,  9.702117e+01,  4.827431e+01,  2.012205e+01,  2.284183e+06,  5.595317e+00,  0.000000e+00,  0.000000e+00,  0.000000e+00,  1.473278e-05,  3.41371853e+00
  2.82647224e+00,  8.53675068e-03,  2.71573894e+00,           1,    1.420000e-02,  9.689656e+01,  9.689656e+01,  4.866953e+01,  2.012205e+01,  2.285055e+06,  5.573084e+00,  0.000000e+00,  0.000000e+00,  0.000000e+00,  1.459652e-05,  3.41470027e+00
  2.83581674e+00,  8.53919105e-03,  2.72427813e+00,           1,    1.420000e-02,  9.677311e+01,  9.677311e+01,  4.907470e+01,  2.012205e+01,  2.285974e+06,  5.550588e+00,  0.000000e+00,  0.000000e+00,  0.000000e+00,  1.445703e-05,  3.41567642e+00
  2.84516093e+00,  8.54161668e-03,  2.73281974e+00,           1,    1.420000e-02,  9.665084e+01,  9.665084e+01,  4.949015e+01,  2.012205e+01,  2.286940e+06,  5.527825e+00,  0.000000e+00,  0.000000e+00,  0.000000e+00,  1.431427e-05,  3.41664667e+00
  2.85450452e+00,  8.54402683e-03,  2.74136377e+00,           1,    1.420000e-02,  9.652979e+01,  9.652979e+01,  4.991626e+01,  2.012205e+01,  2.287956e+06,  5.504792e+00,  0.000000e+00,  0.000000e+00,  0.000000e+00,  1.416821e-05,  3.41761073e+00
  2.86384719e+00,  8.54642072e-03,  2.74991019e+00,           1,    1.420000e-02,  9.640998e+01,  9.640998e+01,  5.035339e+01,  2.012205e+01,  2.289023e+06,  5.481485e+00,  0.000000e+00,  0.000000e+00,  0.000000e+00,  1.401883e-05,  3.41856829e+00
  2.87318862e+00,  8.54879758e-03,  2.75845899e+00,           1,    1.420000e-02,  9.629144e+01,  9.629144e+01,  5.080193e+01,  2.012205e+01,  2.290142e+06,  5.457899e+00,  0.000000e+00,  0.000000e+00,  0.000000e+00,  1.386608e-05,  3.41951903e+00
  2.88252850e+00,  8.55115662e-03,  2.76701014e+00,           1,    1.420000e-02,  9.617421e+01,  9.617421e+01,  5.126230e+01,  2.012205e+01,  2.291316e+06,  5.434032e+00,  0.000000e+00,  0.000000e+00,  0.000000e+00,  1.370995e-05,  3.42046265e+00
  2.89186648e+00,  8.55349702e-03,  2.77556364e+00,           1,    1.420000e-02,  9.605830e+01,  9.605830e+01,  5.173492e+01,  2.012205e+01,  2.292546e+06,  5.409880e+00,  0.000000e+00,  0.000000e+00,  0.000000e+00,  1.355042e-05,  3.42139881e+00
  2.90120223e+00,  8.55581799e-03,  2.78411946e+00,           1,    1.420000e-02,  9.594376e+01,  9.594376e+01,  5.222022e+01,  2.012205e+01,  2.293833e+06,  5.385439e+00,  0.000000e+00,  0.000000e+00,  0.000000e+00,  1.338747e-05,  3.42232719e+00
  2.91053541e+00,  8.55811868e-03,  2.79267758e+00,           1,    1.420000e-02,  9.583061e+01,  9.583061e+01,  5.271868e+01,  2.012205e+01,  2.295179e+06,  5.360705e+00,  0.000000e+00,  0.000000e+00,  0.000000e+00,  1.322108e-05,  3.42324747e+00
  2.91986567e+00,  8.56039828e-03,  2.80123798e+00,           1,    1.420000e-02,  9.571889e+01,  9.571889e+01,  5.323077e+01,  2.012205e+01,  2.296586e+06,  5.335674e+00,  0.000000e+00,  0.000000e+00,  0.000000e+00,  1.305125e-05,  3.42415931e+00
  2.92919265e+00,  8.56265593e-03,  2.80980063e+00,           1,    1.420000e-02,  9.560862e+01,  9.560862e+01,  5.375700e+01,  2.012205e+01,  2.298055e+06,  5.310343e+00,  0.000000e+00,  0.000000e+00,  0.000000e+00,  1.287797e-05,  3.42506237e+00
  2.93385563e+00,  4.28244540e-03,  2.81408308e+00,           1,    1.420000e-02,  9.555392e+01,  9.555392e+01,  5.399120e+01,  2.012205e+01,  2.296422e+06,  5.297872e+00,  0.000000e+00,  0.000000e+00,  0.000000e+00,  1.277306e-05,  3.42595632e+00
  2.93851768e+00,  4.28300092e-03,  2.81836608e+00,           1,    1.420000e-02,  9.549959e+01,  9.549959e+01,  5.426339e+01,  2.012205e+01,  2.297206e+06,  5.285018e+00,  0.000000e+00,  0.000000e+00,  0.000000e+00,  1.268449e-05,  3.42640074e+00
  2.94317876e+00,  4.28355347e-03,  2.82264963e+00,           1,    1.420000e-02,  9.544564e+01,  9.544564e+01,  5.453938e+01,  2.012205e+01,  2.298005e+06,  5.272088e+00,  0.000000e+00,  0.000000e+00,  0.000000e+00,  1.259505e-05,  3.42684278e+00
  2.94783880e+00,  4.28410299e-03,  2.82693374e+00,           1,    1.420000e-02,  9.539207e+01,  9.539207e+01,  5.481924e+01,  2.012205e+01,  2.298822e+06,  5.259080e+00,  0.000000e+00,  0.000000e+00,  0.000000e+00,  1.250476e-05,  3.42728239e+00
  2.95249778e+00,  4.28464943e-03,  2.83121839e+00,           1,    1.420000e-02,  9.533888e+01,  9.533888e+01,  5.510305e+01,  2.012205e+01,  2.299655e+06,  5.245995e+00,  0.000000e+00,  0.000000e+00,  0.000000e+00,  1.241360e-05,  3.42771954e+00
  2.95715564e+00,  4.28519272e-03,  2.83550358e+00,           1,    1.420000e-02,  9.528608e+01,  9.528608e+01,  5.539087e+01,  2.012205e+01,  2.300506e+06,  5.232831e+00,  0.000000e+00,  0.000000e+00,  0.000000e+00,  1.232159e-05,  3.42815417e+00
  2.96181234e+00,  4.28573282e-03,  2.83978931e+00,           1,    1.420000e-02,  9.523367e+01,  9.523367e+01,  5.568279e+01,  2.012205e+01,  2.301374e+06,  5.219589e+00,  0.000000e+00,  0.000000e+00,  0.000000e+00,  1.222872e-05,  3.42858625e+00
  2.96646783e+00,  4.28626967e-03,  2.84407558e+00,           1,    1.420000e-02,  9.518166e+01,  9.518166e+01,  5.597888e+01,  2.012205e+01,  2.302260e+06,  5.206267e+00,  0.000000e+00,  0.000000e+00,  0.000000e+00,  1.213500e-05,  3.42901573e+00
  2.97112205e+00,  4.28680322e-03,  2.84836238e+00,           1,    1.420000e-02,  9.513004e+01,  9.513004e+01,  5.627922e+01,  2.012205e+01,  2.303163e+06,  5.192866e+00,  0.000000e+00,  0.000000e+00,  0.000000e+00,  1.204043e-05,  3.42944257e+00
  2.97577497e+00,  4.28733341e-03,  2.85264972e+00,           1,    1.420000e-02,  9.507883e+01,  9.507883e+01,  5.658390e+01,  2.012205e+01,  2.304085e+06,  5.179385e+00,  0.000000e+00,  0.000000e+00,  0.000000e+00,  1.194500e-05,  3.42986673e+00
  2.98042653e+00,  4.28786019e-03,  2.85693758e+00,           1,    1.420000e-02,  9.502802e+01,  9.502802e+01,  5.689299e+01,  2.012205e+01,  2.305025e+06,  5.165823e+00,  0.000000e+00,  0.000000e+00,  0.000000e+00,  1.184874e-05,  3.43028815e+00
  2.98507669e+00,  4.28838350e-03,  2.86122596e+00,           1,    1.420000e-02,  9.497763e+01,  9.497763e+01,  5.720658e+01,  2.012205e+01,  2.305984e+06,  5.152181e+00,  0.000000e+00,  0.000000e+00,  0.000000e+00,  1.175163e-05,  3.43070680e+00
  2.98972540e+00,  4.28890329e-03,  2.86551486e+00,           1,    1.420000e-02,  9.492765e+01,  9.492765e+01,  5.752475e+01,  2.012205e+01,  2.306962e+06,  5.138457e+00,  0.000000e+00,  0.000000e+00,  0.000000e+00,  1.165369e-05,  3.43112263e+00
  2.99437261e+00,  4.28941951e-03,  2.86980428e+00,           1,    1.420000e-02,  9.487808e+01,  9.487808e+01,  5.784760e+01,  2.012205e+01,  2.307958e+06,  5.124651e+00,  0.000000e+00,  0.000000e+00,  0.000000e+00,  1.155491e-05,  3.43153561e+00
  2.99901826e+00,  4.28993210e-03,  2.87409422e+00,           1,    1.420000e-02,  9.482894e+01,  9.482894e+01,  5.817522e+01,  2.012205e+01,  2.308974e+06,  5.110763e+00,  0.000000e+00,  0.000000e+00,  0.000000e+00,  1.145531e-05,  3.43194568e+00
  3.00366232e+00,  4.29044101e-03,  2.87838466e+00,           1,    1.420000e-02,  9.478022e+01,  9.478022e+01,  5.850769e+01,  2.012205e+01,  2.310009e+06,  5.096792e+00,  0.000000e+00,  0.000000e+00,  0.000000e+00,  1.135489e-05,  3.43235280e+00
  3.00830473e+00,  4.29094617e-03,  2.88267560e+00,           1,    1.420000e-02,  9.473194e+01,  9.473194e+01,  5.884512e+01,  2.012205e+01,  2.311064e+06,  5.082739e+00,  0.000000e+00,  0.000000e+00,  0.000000e+00,  1.125366e-05,  3.43275694e+00
  3.01294545e+00,  4.29144755e-03,  2.88696705e+00,           1,    1.420000e-02,  9.468408e+01,  9.468408e+01,  5.918759e+01,  2.012205e+01,  2.312139e+06,  5.068601e+00,  0.000000e+00,  0.000000e+00,  0.000000e+00,  1.115162e-05,  3.43315804e+00
  3.01758442e+00,  4.29194508e-03,  2.89125900e+00,           1,    1.420000e-02,  9.463666e+01,  9.463666e+01,  5.953522e+01,  2.012205e+01,  2.313234e+06,  5.054380e+00,  0.000000e+00,  0.000000e+00,  0.000000e+00,  1.104878e-05,  3.43355607e+00
  3.02222159e+00,  4.29243872e-03,  2.89555143e+00,           1,    1.420000e-02,  9.458968e+01,  9.458968e+01,  5.988810e+01,  2.012205e+01,  2.314349e+06,  5.040075e+00,  0.000000e+00,  0.000000e+00,  0.000000e+00,  1.094514e-05,  3.43395097e+00
  3.02685692e+00,  4.29292840e-03,  2.89984436e+00,           1,    1.420000e-02,  9.454314e+01,  9.454314e+01,  6.024634e+01,  2.012205e+01,  2.315486e+06,  5.025684e+00,  0.000000e+00,  0.000000e+00,  0.000000e+00,  1.084073e-05,  3.43434272e+00
  3.03149036e+00,  4.29341408e-03,  2.90413778e+00,           1,    1.420000e-02,  9.449705e+01,  9.449705e+01,  6.061003e+01,  2.012205e+01,  2.316642e+06,  5.011209e+00,  0.000000e+00,  0.000000e+00,  0.000000e+00,  1.073554e-05,  3.43473126e+00
  3.03612186e+00,  4.29389570e-03,  2.90843167e+00,           1,    1.420000e-02,  9.445140e+01,  9.445140e+01,  6.097930e+01,  2.012205e+01,  2.317820e+06,  4.996648e+00,  0.000000e+00,  0.000000e+00,  0.000000e+00,  1.062958e-05,  3.43511656e+00
  3.04075136e+00,  4.29437321e-03,  2.91272605e+00,           1,    1.420000e-02,  9.440621e+01,  9.440621e+01,  6.135425e+01,  2.012205e+01,  2.319020e+06,  4.982001e+00,  0.000000e+00,  0.000000e+00,  0.000000e+00,  1.052287e-05,  3.43549857e+00
  3.04537883e+00,  4.29484656e-03,  2.91702089e+00,           1,    1.420000e-02,  9.436148e+01,  9.436148e+01,  6.173500e+01,  2.012205e+01,  2.320241e+06,  4.967267e+00,  0.000000e+00,  0.000000e+00,  0.000000e+00,  1.041542e-05,  3.43587725e+00
  3.05000421e+00,  4.29531570e-03,  2.92131621e+00,           1,    1.420000e-02,  9.431721e+01,  9.431721e+01,  6.212167e+01,  2.012205e+01,  2.321483e+06,  4.952447e+00,  0.000000e+00,  0.000000e+00,  0.000000e+00,  1.030724e-05,  3.43625256e+00
  3.05462744e+00,  4.29578057e-03,  2.92561199e+00,           1,    1.420000e-02,  9.427340e+01,  9.427340e+01,  6.251436e+01,  2.012205e+01,  2.322748e+06,  4.937540e+00,  0.000000e+00,  0.000000e+00,  0.000000e+00,  1.019833e-05,  3.43662446e+00
  3.05924850e+00,  4.29624113e-03,  2.92990823e+00,           1,    1.420000e-02,  9.423006e+01,  9.423006e+01,  6.291322e+01,  2.012205e+01,  2.324034e+06,  4.922545e+00,  0.000000e+00,  0.000000e+00,  0.000000e+00,  1.008872e-05,  3.43699290e+00
  3.06386732e+00,  4.29669733e-03,  2.93420493e+00,           1,    1.420000e-02,  9.418718e+01,  9.418718e+01,  6.331836e+01,  2.012205e+01,  2.325343e+06,  4.907462e+00,  0.000000e+00,  0.000000e+00,  0.000000e+00,  9.978417e-06,  3.43735786e+00
  3.06848385e+00,  4.29714911e-03,  2.93850208e+00,           1,    1.420000e-02,  9.414478e+01,  9.414478e+01,  6.372991e+01,  2.012205e+01,  2.326675e+06,  4.892291e+00,  0.000000e+00,  0.000000e+00,  0.000000e+00,  9.867432e-06,  3.43771929e+00
  3.07309806e+00,  4.29759643e-03,  2.94279967e+00,           1,    1.420000e-02,  9.410285e+01,  9.410285e+01,  6.414801e+01,  2.012205e+01,  2.328030e+06,  4.877031e+00,  0.000000e+00,  0.000000e+00,  0.000000e+00,  9.755782e-06,  3.43807714e+00
  3.07770989e+00,  4.29803924e-03,  2.94709771e+00,           1,    1.420000e-02,  9.406140e+01,  9.406140e+01,  6.457278e+01,  2.012205e+01,  2.329408e+06,  4.861683e+00,  0.000000e+00,  0.000000e+00,  0.000000e+00,  9.643483e-06,  3.43843139e+00
  3.08231929e+00,  4.29847750e-03,  2.95139619e+00,           1,    1.420000e-02,  9.402044e+01,  9.402044e+01,  6.500438e+01,  2.012205e+01,  2.330808e+06,  4.846245e+00,  0.000000e+00,  0.000000e+00,  0.000000e+00,  9.530550e-06,  3.43878200e+00
  3.08692622e+00,  4.29891114e-03,  2.95569510e+00,           1,    1.420000e-02,  9.397996e+01,  9.397996e+01,  6.544293e+01,  2.012205e+01,  2.332233e+06,  4.830717e+00,  0.000000e+00,  0.000000e+00,  0.000000e+00,  9.417001e-06,  3.43912892e+00
  3.09618532e+00,  4.29934014e-03,  2.95999444e+00,           1,    1.420000e-02,  9.333505e+01,  9.333505e+01,  6.588859e+01,  2.012205e+01,  2.333681e+06,  4.815099e+00,  0.000000e+00,  0.000000e+00,  0.000000e+00,  1.500000e-04,  3.43947212e+00
  3.10975727e+00,  6.22233694e-03,  2.96621678e+00,           1,    1.420000e-02,  9.240170e+01,  9.240170e+01,  6.603410e+01,  2.012205e+01,  2.309178e+06,  4.797116e+00,  0.000000e+00,  0.000000e+00,  0.000000e+00,  1.500000e-04,  3.44499062e+00
  3.11634579e+00,  6.16011357e-03,  2.97237689e+00,           1,    1.420000e-02,  9.234814e+01,  9.234814e+01,  6.591642e+01,  2.012205e+01,  2.271649e+06,  4.781768e+00,  0.000000e+00,  0.000000e+00,  0.000000e+00,  8.695619e-06,  3.45315181e+00
  3.12589959e+00,  4.31703323e-03,  2.97669392e+00,           1,    1.420000e-02,  9.170058e+01,  9.170058e+01,  6.636366e+01,  2.012205e+01,  2.272429e+06,  4.766037e+00,  0.000000e+00,  0.000000e+00,  0.000000e+00,  1.500000e-04,  3.45362659e+00
  3.13242900e+00,  6.11337217e-03,  2.98280730e+00,           1,    1.420000e-02,  9.164973e+01,  9.164973e+01,  6.649140e+01,  2.012205e+01,  2.247778e+06,  4.748491e+00,  0.000000e+00,  0.000000e+00,  0.000000e+00,  8.317714e-06,  3.45942210e+00
  3.14212103e+00,  4.32485203e-03,  2.98713215e+00,           1,    1.420000e-02,  9.100101e+01,  9.100101e+01,  6.695227e+01,  2.012205e+01,  2.248650e+06,  4.732578e+00,  0.000000e+00,  0.000000e+00,  0.000000e+00,  1.500000e-04,  3.45988162e+00
  3.15589816e+00,  6.06673370e-03,  2.99319888e+00,           1,    1.420000e-02,  9.009100e+01,  9.009100e+01,  6.707557e+01,  2.012205e+01,  2.223911e+06,  4.715168e+00,  0.000000e+00,  0.000000e+00,  0.000000e+00,  1.500000e-04,  3.46580170e+00
  3.16229988e+00,  6.00606637e-03,  2.99920495e+00,           1,    1.420000e-02,  9.004501e+01,  9.004501e+01,  6.694437e+01,  2.012205e+01,  2.187492e+06,  4.700343e+00,  0.000000e+00,  0.000000e+00,  0.000000e+00,  7.656444e-06,  3.47428997e+00
  3.16692608e+00,  4.34340591e-03,  3.00354835e+00,           1,    1.420000e-02,  9.001223e+01,  9.001223e+01,  6.742279e+01,  2.012205e+01,  2.188506e+06,  4.684180e+00,  0.000000e+00,  0.000000e+00,  0.000000e+00,  7.548243e-06,  3.47472473e+00
  3.17695284e+00,  4.34379379e-03,  3.00789215e+00,           1,    1.420000e-02,  8.936066e+01,  8.936066e+01,  6.792137e+01,  2.012205e+01,  2.190112e+06,  4.667812e+00,  0.000000e+00,  0.000000e+00,  0.000000e+00,  1.500000e-04,  3.47503503e+00
  3.19089342e+00,  5.95737708e-03,  3.01384953e+00,           1,    1.420000e-02,  8.846705e+01,  8.846705e+01,  6.802853e+01,  2.012205e+01,  2.165206e+06,  4.650817e+00,  0.000000e+00,  0.000000e+00,  0.000000e+00,  1.500000e-04,  3.48126235e+00
  3.19716223e+00,  5.89780331e-03,  3.01974733e+00,           1,    1.420000e-02,  8.842615e+01,  8.842615e+01,  6.788745e+01,  2.012205e+01,  2.129556e+06,  4.636364e+00,  0.000000e+00,  0.000000e+00,  0.000000e+00,  6.934654e-06,  3.48999386e+00
  3.20179620e+00,  4.36299861e-03,  3.02411033e+00,           1,    1.420000e-02,  8.839635e+01,  8.839635e+01,  6.839196e+01,  2.012205e+01,  2.130724e+06,  4.619865e+00,  0.000000e+00,  0.000000e+00,  0.000000e+00,  6.830508e-06,  3.49039889e+00
  3.21217840e+00,  4.36336790e-03,  3.02847369e+00,           1,    1.420000e-02,  8.774184e+01,  8.774184e+01,  6.891571e+01,  2.012205e+01,  2.132386e+06,  4.603174e+00,  0.000000e+00,  0.000000e+00,  0.000000e+00,  1.500000e-04,  3.49069432e+00
  3.22629387e+00,  5.84945625e-03,  3.03432315e+00,           1,    1.420000e-02,  8.686443e+01,  8.686443e+01,  6.900477e+01,  2.012205e+01,  2.107326e+06,  4.586626e+00,  0.000000e+00,  0.000000e+00,  0.000000e+00,  1.500000e-04,  3.49724729e+00
  3.23243163e+00,  5.79096169e-03,  3.04011411e+00,           1,    1.420000e-02,  8.682817e+01,  8.682817e+01,  6.885295e+01,  2.012205e+01,  2.072445e+06,  4.572561e+00,  0.000000e+00,  0.000000e+00,  0.000000e+00,  6.261134e-06,  3.50623053e+00
  3.23707379e+00,  4.38325843e-03,  3.04449737e+00,           1,    1.420000e-02,  8.680116e+01,  8.680116e+01,  6.938430e+01,  2.012205e+01,  2.073745e+06,  4.555733e+00,  0.000000e+00,  0.000000e+00,  0.000000e+00,  6.161233e-06,  3.50660674e+00
  3.24783376e+00,  4.38360903e-03,  3.04888098e+00,           1,    1.420000e-02,  8.614362e+01,  8.614362e+01,  6.993409e+01,  2.012205e+01,  2.075455e+06,  4.538725e+00,  0.000000e+00,  0.000000e+00,  0.000000e+00,  1.500000e-04,  3.50688722e+00
  3.26213603e+00,  5.74290798e-03,  3.05462389e+00,           1,    1.420000e-02,  8.528218e+01,  8.528218e+01,  7.000295e+01,  2.012205e+01,  2.050252e+06,  4.522657e+00,  0.000000e+00,  0.000000e+00,  0.000000e+00,  1.500000e-04,  3.51378572e+00
  3.26814468e+00,  5.68547890e-03,  3.06030937e+00,           1,    1.420000e-02,  8.525015e+01,  8.525015e+01,  6.983946e+01,  2.012205e+01,  2.016138e+06,  4.508994e+00,  0.000000e+00,  0.000000e+00,  0.000000e+00,  5.635025e-06,  3.52302963e+00
  3.27279553e+00,  4.40422254e-03,  3.06471359e+00,           1,    1.420000e-02,  8.522575e+01,  8.522575e+01,  7.039839e+01,  2.012205e+01,  2.017551e+06,  4.491845e+00,  0.000000e+00,  0.000000e+00,  0.000000e+00,  5.539544e-06,  3.52337803e+00
  3.28395739e+00,  4.40455447e-03,  3.06911814e+00,           1,    1.420000e-02,  8.456507e+01,  8.456507e+01,  7.097509e+01,  2.012205e+01,  2.019301e+06,  4.474529e+00,  0.000000e+00,  0.000000e+00,  0.000000e+00,  1.500000e-04,  3.52364357e+00
  3.29845891e+00,  5.63767101e-03,  3.07475582e+00,           1,    1.420000e-02,  8.371941e+01,  8.371941e+01,  7.102149e+01,  2.012205e+01,  1.993968e+06,  4.458971e+00,  0.000000e+00,  0.000000e+00,  0.000000e+00,  1.500000e-04,  3.53090902e+00
  3.30434041e+00,  5.58129430e-03,  3.08033711e+00,           1,    1.420000e-02,  8.369120e+01,  8.369120e+01,  7.084538e+01,  2.012205e+01,  1.960619e+06,  4.445724e+00,  0.000000e+00,  0.000000e+00,  0.000000e+00,  5.055226e-06,  3.54042309e+00
  3.31591501e+00,  4.42593096e-03,  3.08476304e+00,           1,    1.420000e-02,  8.302731e+01,  8.302731e+01,  7.143262e+01,  2.012205e+01,  1.962127e+06,  4.428264e+00,  0.000000e+00,  0.000000e+00,  0.000000e+00,  1.500000e-04,  3.54074477e+00
  3.32173919e+00,  5.53515401e-03,  3.09029819e+00,           1,    1.420000e-02,  8.300080e+01,  8.300080e+01,  7.145080e+01,  2.012205e+01,  1.936712e+06,  4.413293e+00,  0.000000e+00,  0.000000e+00,  0.000000e+00,  4.790157e-06,  3.54839464e+00
  3.33351614e+00,  4.43587927e-03,  3.09473407e+00,           1,    1.420000e-02,  8.233541e+01,  8.233541e+01,  7.205359e+01,  2.012205e+01,  1.938263e+06,  4.395673e+00,  0.000000e+00,  0.000000e+00,  0.000000e+00,  1.500000e-04,  3.54870341e+00
  3.33928319e+00,  5.48902760e-03,  3.10022310e+00,           1,    1.420000e-02,  8.231052e+01,  8.231052e+01,  7.206083e+01,  2.012205e+01,  1.912790e+06,  4.380938e+00,  0.000000e+00,  0.000000e+00,  0.000000e+00,  4.534610e-06,  3.55653562e+00
  3.35126936e+00,  4.44603969e-03,  3.10466914e+00,           1,    1.420000e-02,  8.164362e+01,  8.164362e+01,  7.267940e+01,  2.012205e+01,  1.914379e+06,  4.363162e+00,  0.000000e+00,  0.000000e+00,  0.000000e+00,  1.500000e-04,  3.55683175e+00
  3.35697947e+00,  5.44290783e-03,  3.11011205e+00,           1,    1.420000e-02,  8.162028e+01,  8.162028e+01,  7.267502e+01,  2.012205e+01,  1.888849e+06,  4.348673e+00,  0.000000e+00,  0.000000e+00,  0.000000e+00,  4.288543e-06,  3.56485243e+00
  3.36918208e+00,  4.45642025e-03,  3.11456847e+00,           1,    1.420000e-02,  8.095181e+01,  8.095181e+01,  7.330959e+01,  2.012205e+01,  1.890474e+06,  4.330742e+00,  0.000000e+00,  0.000000e+00,  0.000000e+00,  1.500000e-04,  3.56513620e+00
  3.38419716e+00,  5.39678748e-03,  3.11996526e+00,           1,    1.420000e-02,  8.014229e+01,  8.014229e+01,  7.329284e+01,  2.012205e+01,  1.864891e+06,  4.316508e+00,  0.000000e+00,  0.000000e+00,  0.000000e+00,  1.500000e-04,  3.57335180e+00
  3.39368978e+00,  5.34281961e-03,  3.12530808e+00,           1,    1.420000e-02,  7.979992e+01,  7.979992e+01,  7.308310e+01,  2.012205e+01,  1.833334e+06,  4.304294e+00,  0.000000e+00,  0.000000e+00,  0.000000e+00,  6.408093e-05,  3.58353664e+00
  3.40469232e+00,  6.19090397e-03,  3.13149898e+00,           1,    1.420000e-02,  7.940831e+01,  7.940831e+01,  7.358631e+01,  2.012205e+01,  1.822248e+06,  4.283052e+00,  0.000000e+00,  0.000000e+00,  0.000000e+00,  6.325541e-05,  3.58792396e+00
  3.41577312e+00,  6.23559018e-03,  3.13773457e+00,           1,    1.420000e-02,  7.901962e+01,  7.901962e+01,  7.403958e+01,  2.012205e+01,  1.809084e+06,  4.262189e+00,  0.000000e+00,  0.000000e+00,  0.000000e+00,  6.233480e-05,  3.59300171e+00
  3.42696132e+00,  6.29681483e-03,  3.14403139e+00,           1,    1.420000e-02,  7.863284e+01,  7.863284e+01,  7.451154e+01,  2.012205e+01,  1.796075e+06,  4.241010e+00,  0.000000e+00,  0.000000e+00,  0.000000e+00,  6.142463e-05,  3.59810556e+00
  3.44347582e+00,  5.24218929e-03,  3.15039023e+00,           1,    1.420000e-02,  7.784651e+01,  7.784651e+01,  7.500163e+01,  2.012205e+01,  1.783178e+06,  4.219523e+00,  0.000000e+00,  0.000000e+00,  0.000000e+00,  1.500000e-04,  3.60324856e+00
  3.45268980e+00,  5.18976740e-03,  3.15557999e+00,           1,    1.420000e-02,  7.754092e+01,  7.754092e+01,  7.476702e+01,  2.012205e+01,  1.752777e+06,  4.208009e+00,  0.000000e+00,  0.000000e+00,  0.000000e+00,  5.888291e-05,  3.61390686e+00
  3.46432219e+00,  6.54974615e-03,  3.16212974e+00,           1,    1.420000e-02,  7.716004e+01,  7.716004e+01,  7.539864e+01,  2.012205e+01,  1.743421e+06,  4.184743e+00,  0.000000e+00,  0.000000e+00,  0.000000e+00,  5.815181e-05,  3.61812390e+00
  3.47602446e+00,  6.59076377e-03,  3.16872050e+00,           1,    1.420000e-02,  7.678252e+01,  7.678252e+01,  7.594231e+01,  2.012205e+01,  1.730911e+06,  4.162236e+00,  0.000000e+00,  0.000000e+00,  0.000000e+00,  5.728073e-05,  3.62343999e+00
  3.49330068e+00,  5.11883460e-03,  3.17537893e+00,           1,    1.420000e-02,  7.601469e+01,  7.601469e+01,  7.650951e+01,  2.012205e+01,  1.718572e+06,  4.139370e+00,  0.000000e+00,  0.000000e+00,  0.000000e+00,  1.500000e-04,  3.62877611e+00
  3.50228842e+00,  5.06764625e-03,  3.18044658e+00,           1,    1.420000e-02,  7.573656e+01,  7.573656e+01,  7.625284e+01,  2.012205e+01,  1.689097e+06,  4.128437e+00,  0.000000e+00,  0.000000e+00,  0.000000e+00,  5.488401e-05,  3.63983930e+00
  3.51446977e+00,  6.86590977e-03,  3.18731249e+00,           1,    1.420000e-02,  7.536430e+01,  7.536430e+01,  7.700094e+01,  2.012205e+01,  1.681023e+06,  4.103414e+00,  0.000000e+00,  0.000000e+00,  0.000000e+00,  5.421924e-05,  3.64391793e+00
  3.53236562e+00,  5.02428644e-03,  3.19421674e+00,           1,    1.420000e-02,  7.461065e+01,  7.461065e+01,  7.762968e+01,  2.012205e+01,  1.669037e+06,  4.079459e+00,  0.000000e+00,  0.000000e+00,  0.000000e+00,  1.500000e-04,  3.64943750e+00
  3.54117809e+00,  4.97404358e-03,  3.19919079e+00,           1,    1.420000e-02,  7.435236e+01,  7.435236e+01,  7.735463e+01,  2.012205e+01,  1.640280e+06,  4.068988e+00,  0.000000e+00,  0.000000e+00,  0.000000e+00,  5.192774e-05,  3.66082883e+00
  3.54748584e+00,  3.56302359e-03,  3.20275381e+00,           1,    1.420000e-02,  7.416926e+01,  7.416926e+01,  7.757780e+01,  2.012205e+01,  1.631373e+06,  4.057603e+00,  0.000000e+00,  0.000000e+00,  0.000000e+00,  5.139109e-05,  3.66480126e+00
  3.55385087e+00,  3.59618666e-03,  3.20635000e+00,           1,    1.420000e-02,  7.398589e+01,  7.398589e+01,  7.792271e+01,  2.012205e+01,  1.625586e+06,  4.045018e+00,  0.000000e+00,  0.000000e+00,  0.000000e+00,  5.098792e-05,  3.66763895e+00
  3.56024876e+00,  3.61561526e-03,  3.20996561e+00,           1,    1.420000e-02,  7.380300e+01,  7.380300e+01,  7.827357e+01,  2.012205e+01,  1.619796e+06,  4.032343e+00,  0.000000e+00,  0.000000e+00,  0.000000e+00,  5.058523e-05,  3.67049868e+00
  3.56668003e+00,  3.63538964e-03,  3.21360100e+00,           1,    1.420000e-02,  7.362056e+01,  7.362056e+01,  7.863167e+01,  2.012205e+01,  1.614033e+06,  4.019567e+00,  0.000000e+00,  0.000000e+00,  0.000000e+00,  5.018426e-05,  3.67336935e+00
  3.57885510e+00,  3.65537804e-03,  3.21725638e+00,           1,    1.420000e-02,  7.307225e+01,  7.307225e+01,  7.899720e+01,  2.012205e+01,  1.608296e+06,  4.006689e+00,  0.000000e+00,  0.000000e+00,  0.000000e+00,  1.500000e-04,  3.67625112e+00
  3.58747199e+00,  4.87148335e-03,  3.22212786e+00,           1,    1.420000e-02,  7.283483e+01,  7.283483e+01,  7.900031e+01,  2.012205e+01,  1.588126e+06,  3.993989e+00,  0.000000e+00,  0.000000e+00,  0.000000e+00,  4.873682e-05,  3.68502355e+00
  3.59404717e+00,  3.71988432e-03,  3.22584775e+00,           1,    1.420000e-02,  7.265535e+01,  7.265535e+01,  7.929052e+01,  2.012205e+01,  1.580174e+06,  3.981673e+00,  0.000000e+00,  0.000000e+00,  0.000000e+00,  4.824991e-05,  3.68887482e+00
  3.60067737e+00,  3.75211616e-03,  3.22959986e+00,           1,    1.420000e-02,  7.247576e+01,  7.247576e+01,  7.968257e+01,  2.012205e+01,  1.574607e+06,  3.968363e+00,  0.000000e+00,  0.000000e+00,  0.000000e+00,  4.786168e-05,  3.69180779e+00
  3.61365192e+00,  3.77316453e-03,  3.23337303e+00,           1,    1.420000e-02,  7.190979e+01,  7.190979e+01,  8.008200e+01,  2.012205e+01,  1.569044e+06,  3.954953e+00,  0.000000e+00,  0.000000e+00,  0.000000e+00,  1.500000e-04,  3.69476107e+00
  3.62212060e+00,  4.79398589e-03,  3.23816701e+00,           1,    1.420000e-02,  7.168721e+01,  7.168721e+01,  8.003142e+01,  2.012205e+01,  1.548213e+06,  3.943006e+00,  0.000000e+00,  0.000000e+00,  0.000000e+00,  4.642825e-05,  3.70419300e+00
  3.62890669e+00,  3.84411727e-03,  3.24201113e+00,           1,    1.420000e-02,  7.151048e+01,  7.151048e+01,  8.037342e+01,  2.012205e+01,  1.540939e+06,  3.929978e+00,  0.000000e+00,  0.000000e+00,  0.000000e+00,  4.597561e-05,  3.70795478e+00
  3.64260343e+00,  3.87566995e-03,  3.24588680e+00,           1,    1.420000e-02,  7.092913e+01,  7.092913e+01,  8.080160e+01,  2.012205e+01,  1.535540e+06,  3.916114e+00,  0.000000e+00,  0.000000e+00,  0.000000e+00,  1.500000e-04,  3.71096327e+00
  3.65094730e+00,  4.72860839e-03,  3.25061541e+00,           1,    1.420000e-02,  7.071844e+01,  7.071844e+01,  8.070091e+01,  2.012205e+01,  1.514155e+06,  3.904841e+00,  0.000000e+00,  0.000000e+00,  0.000000e+00,  4.455520e-05,  3.72099570e+00
  3.65791668e+00,  3.95224957e-03,  3.25456766e+00,           1,    1.420000e-02,  7.054403e+01,  7.054403e+01,  8.108623e+01,  2.012205e+01,  1.507424e+06,  3.891216e+00,  0.000000e+00,  0.000000e+00,  0.000000e+00,  4.412940e-05,  3.72468398e+00
  3.66493795e+00,  3.98323832e-03,  3.25855090e+00,           1,    1.420000e-02,  7.036972e+01,  7.036972e+01,  8.154424e+01,  2.012205e+01,  1.502169e+06,  3.876886e+00,  0.000000e+00,  0.000000e+00,  0.000000e+00,  4.376202e-05,  3.72775872e+00
  3.67958111e+00,  4.00672678e-03,  3.26255762e+00,           1,    1.420000e-02,  6.976871e+01,  6.976871e+01,  8.201183e+01,  2.012205e+01,  1.496925e+06,  3.862440e+00,  0.000000e+00,  0.000000e+00,  0.000000e+00,  1.500000e-04,  3.73085139e+00
  3.68777490e+00,  4.65124718e-03,  3.26720887e+00,           1,    1.420000e-02,  6.957170e+01,  6.957170e+01,  8.184588e+01,  2.012205e+01,  1.474831e+06,  3.852007e+00,  0.000000e+00,  0.000000e+00,  0.000000e+00,  4.235496e-05,  3.74166729e+00
  3.69497708e+00,  4.09094904e-03,  3.27129982e+00,           1,    1.420000e-02,  6.940005e+01,  6.940005e+01,  8.229008e+01,  2.012205e+01,  1.468718e+06,  3.837610e+00,  0.000000e+00,  0.000000e+00,  0.000000e+00,  4.195873e-05,  3.74526506e+00
  3.71048242e+00,  4.12136355e-03,  3.27542118e+00,           1,    1.420000e-02,  6.878185e+01,  6.878185e+01,  8.279099e+01,  2.012205e+01,  1.463631e+06,  3.822666e+00,  0.000000e+00,  0.000000e+00,  0.000000e+00,  1.500000e-04,  3.74842129e+00
  3.71854922e+00,  4.58545659e-03,  3.28000664e+00,           1,    1.420000e-02,  6.859584e+01,  6.859584e+01,  8.256431e+01,  2.012205e+01,  1.440941e+06,  3.812988e+00,  0.000000e+00,  0.000000e+00,  0.000000e+00,  4.056442e-05,  3.75995706e+00
  3.72595498e+00,  4.21228519e-03,  3.28421893e+00,           1,    1.420000e-02,  6.842654e+01,  6.842654e+01,  8.305742e+01,  2.012205e+01,  1.435325e+06,  3.797942e+00,  0.000000e+00,  0.000000e+00,  0.000000e+00,  4.019152e-05,  3.76348047e+00
  3.73341006e+00,  4.24222053e-03,  3.28846115e+00,           1,    1.420000e-02,  6.825749e+01,  6.825749e+01,  8.359260e+01,  2.012205e+01,  1.430461e+06,  3.782553e+00,  0.000000e+00,  0.000000e+00,  0.000000e+00,  3.984985e-05,  3.76670887e+00
  3.74808898e+00,  3.76995319e-03,  3.29223110e+00,           1,    1.420000e-02,  6.769200e+01,  6.769200e+01,  8.396995e+01,  2.012205e+01,  1.426680e+06,  3.771548e+00,  0.000000e+00,  0.000000e+00,  0.000000e+00,  1.500000e-04,  3.76995319e+00
  3.75475591e+00,  3.78095781e-03,  3.29601206e+00,           1,    1.420000e-02,  6.754456e+01,  6.754456e+01,  8.334791e+01,  2.012205e+01,  1.408867e+06,  3.773724e+00,  0.000000e+00,  0.000000e+00,  0.000000e+00,  3.899577e-05,  3.78095781e+00
  3.76146251e+00,  3.78386616e-03,  3.29979592e+00,           1,    1.420000e-02,  6.739623e+01,  6.739623e+01,  8.309561e+01,  2.012205e+01,  1.409260e+06,  3.779712e+00,  0.000000e+00,  0.000000e+00,  0.000000e+00,  3.920039e-05,  3.78386616e+00
  3.76482880e+00,  1.89340429e-03,  3.30168933e+00,           1,    1.420000e-02,  6.732184e+01,  6.732184e+01,  8.261198e+01,  2.012205e+01,  1.407126e+06,  3.789324e+00,  0.000000e+00,  0.000000e+00,  0.000000e+00,  3.929115e-05,  3.78680859e+00
  3.76821169e+00,  1.89414533e-03,  3.30358347e+00,           1,    1.420000e-02,  6.724689e+01,  6.724689e+01,  8.209777e+01,  2.012205e+01,  1.408336e+06,  3.801989e+00,  0.000000e+00,  0.000000e+00,  0.000000e+00,  3.956508e-05,  3.78829066e+00
  3.77161438e+00,  1.89489396e-03,  3.30547837e+00,           1,    1.420000e-02,  6.717125e+01,  6.717125e+01,  8.139170e+01,  2.012205e+01,  1.409943e+06,  3.819533e+00,  0.000000e+00,  0.000000e+00,  0.000000e+00,  3.992031e-05,  3.78978792e+00
  3.77332116e+00,  9.47825898e-04,  3.30642619e+00,           1,    1.420000e-02,  6.713327e+01,  6.713327e+01,  8.089041e+01,  2.012205e+01,  1.409388e+06,  3.830973e+00,  0.000000e+00,  0.000000e+00,  0.000000e+00,  4.007376e-05,  3.79130359e+00
  3.77503401e+00,  9.48016577e-04,  3.30737421e+00,           1,    1.420000e-02,  6.709505e+01,  6.709505e+01,  8.040584e+01,  2.012205e+01,  1.410434e+06,  3.843212e+00,  0.000000e+00,  0.000000e+00,  0.000000e+00,  4.030725e-05,  3.79206631e+00
  3.77675343e+00,  9.48208687e-04,  3.30832242e+00,           1,    1.420000e-02,  6.705659e+01,  6.705659e+01,  7.986520e+01,  2.012205e+01,  1.411576e+06,  3.856979e+00,  0.000000e+00,  0.000000e+00,  0.000000e+00,  4.056516e-05,  3.79283475e+00
  3.77847994e+00,  9.48402351e-04,  3.30927082e+00,           1,    1.420000e-02,  6.701785e+01,  6.701785e+01,  7.926687e+01,  2.012205e+01,  1.412815e+06,  3.872358e+00,  0.000000e+00,  0.000000e+00,  0.000000e+00,  4.084866e-05,  3.79360940e+00
  3.78021409e+00,  9.48597698e-04,  3.31021942e+00,           1,    1.420000e-02,  6.697880e+01,  6.697880e+01,  7.860948e+01,  2.012205e+01,  1.414150e+06,  3.889434e+00,  0.000000e+00,  0.000000e+00,  0.000000e+00,  4.115900e-05,  3.79439079e+00
  3.78195647e+00,  9.48794865e-04,  3.31116821e+00,           1,    1.420000e-02,  6.693943e+01,  6.693943e+01,  7.789184e+01,  2.012205e+01,  1.415580e+06,  3.908297e+00,  0.000000e+00,  0.000000e+00,  0.000000e+00,  4.149749e-05,  3.79517946e+00
  3.78370767e+00,  9.48993995e-04,  3.31211721e+00,           1,    1.420000e-02,  6.689970e+01,  6.689970e+01,  7.711302e+01,  2.012205e+01,  1.417104e+06,  3.929041e+00,  0.000000e+00,  0.000000e+00,  0.000000e+00,  4.186552e-05,  3.79597598e+00
  3.78458554e+00,  4.74597620e-04,  3.31259180e+00,           1,    1.420000e-02,  6.687975e+01,  6.687975e+01,  7.666532e+01,  2.012205e+01,  1.417105e+06,  3.940497e+00,  0.000000e+00,  0.000000e+00,  0.000000e+00,  4.202961e-05,  3.79678096e+00
  3.78546582e+00,  4.74648197e-04,  3.31306645e+00,           1,    1.420000e-02,  6.685971e+01,  6.685971e+01,  7.623735e+01,  2.012205e+01,  1.417923e+06,  3.952112e+00,  0.000000e+00,  0.000000e+00,  0.000000e+00,  4.223289e-05,  3.79718558e+00
  3.78634860e+00,  4.74699064e-04,  3.31354115e+00,           1,    1.420000e-02,  6.683956e+01,  6.683956e+01,  7.579382e+01,  2.012205e+01,  1.418765e+06,  3.964247e+00,  0.000000e+00,  0.000000e+00,  0.000000e+00,  4.244430e-05,  3.79759251e+00
  3.78723395e+00,  4.74750230e-04,  3.31401590e+00,           1,    1.420000e-02,  6.681931e+01,  6.681931e+01,  7.533468e+01,  2.012205e+01,  1.419630e+06,  3.976915e+00,  0.000000e+00,  0.000000e+00,  0.000000e+00,  4.266405e-05,  3.79800184e+00
  3.78812197e+00,  4.74801707e-04,  3.31449070e+00,           1,    1.420000e-02,  6.679894e+01,  6.679894e+01,  7.485993e+01,  2.012205e+01,  1.420517e+06,  3.990129e+00,  0.000000e+00,  0.000000e+00,  0.000000e+00,  4.289234e-05,  3.79841365e+00
  3.78901276e+00,  4.74853505e-04,  3.31496556e+00,           1,    1.420000e-02,  6.677846e+01,  6.677846e+01,  7.436956e+01,  2.012205e+01,  1.421428e+06,  4.003903e+00,  0.000000e+00,  0.000000e+00,  0.000000e+00,  4.312941e-05,  3.79882804e+00
  3.78990640e+00,  4.74905637e-04,  3.31544046e+00,           1,    1.420000e-02,  6.675786e+01,  6.675786e+01,  7.386362e+01,  2.012205e+01,  1.422361e+06,  4.018252e+00,  0.000000e+00,  0.000000e+00,  0.000000e+00,  4.337546e-05,  3.79924510e+00
  3.79080299e+00,  4.74958114e-04,  3.31591542e+00,           1,    1.420000e-02,  6.673714e+01,  6.673714e+01,  7.334213e+01,  2.012205e+01,  1.423317e+06,  4.033190e+00,  0.000000e+00,  0.000000e+00,  0.000000e+00,  4.363073e-05,  3.79966491e+00
  3.79170263e+00,  4.75010947e-04,  3.31639043e+00,           1,    1.420000e-02,  6.671629e+01,  6.671629e+01,  7.280517e+01,  2.012205e+01,  1.424295e+06,  4.048731e+00,  0.000000e+00,  0.000000e+00,  0.000000e+00,  4.389547e-05,  3.80008758e+00
  3.79260544e+00,  4.75064150e-04,  3.31686550e+00,           1,    1.420000e-02,  6.669530e+01,  6.669530e+01,  7.225280e+01,  2.012205e+01,  1.425296e+06,  4.064891e+00,  0.000000e+00,  0.000000e+00,  0.000000e+00,  4.416993e-05,  3.80051320e+00
  3.79351150e+00,  4.75117734e-04,  3.31734061e+00,           1,    1.420000e-02,  6.667418e+01,  6.667418e+01,  7.168513e+01,  2.012205e+01,  1.426319e+06,  4.081686e+00,  0.000000e+00,  0.000000e+00,  0.000000e+00,  4.445435e-05,  3.80094187e+00
  3.79442093e+00,  4.75171714e-04,  3.31781579e+00,           1,    1.420000e-02,  6.665292e+01,  6.665292e+01,  7.110227e+01,  2.012205e+01,  1.427364e+06,  4.099132e+00,  0.000000e+00,  0.000000e+00,  0.000000e+00,  4.474900e-05,  3.80137371e+00
  3.79533384e+00,  4.75226102e-04,  3.31829101e+00,           1,    1.420000e-02,  6.663151e+01,  6.663151e+01,  7.050437e+01,  2.012205e+01,  1.428431e+06,  4.117246e+00,  0.000000e+00,  0.000000e+00,  0.000000e+00,  4.505416e-05,  3.80180882e+00
  3.79625035e+00,  4.75280913e-04,  3.31876629e+00,           1,    1.420000e-02,  6.660995e+01,  6.660995e+01,  6.989157e+01,  2.012205e+01,  1.429520e+06,  4.136044e+00,  0.000000e+00,  0.000000e+00,  0.000000e+00,  4.537012e-05,  3.80224730e+00
  3.79717058e+00,  4.75336160e-04,  3.31924163e+00,           1,    1.420000e-02,  6.658822e+01,  6.658822e+01,  6.926405e+01,  2.012205e+01,  1.430630e+06,  4.155544e+00,  0.000000e+00,  0.000000e+00,  0.000000e+00,  4.569716e-05,  3.80268928e+00
  3.79809465e+00,  4.75391859e-04,  3.31971702e+00,           1,    1.420000e-02,  6.656634e+01,  6.656634e+01,  6.862201e+01,  2.012205e+01,  1.431762e+06,  4.175765e+00,  0.000000e+00,  0.000000e+00,  0.000000e+00,  4.603559e-05,  3.80313487e+00
  3.79902268e+00,  4.75448024e-04,  3.32019247e+00,           1,    1.420000e-02,  6.654428e+01,  6.654428e+01,  6.796566e+01,  2.012205e+01,  1.432916e+06,  4.196724e+00,  0.000000e+00,  0.000000e+00,  0.000000e+00,  4.638572e-05,  3.80358419e+00
  3.79995480e+00,  4.75504672e-04,  3.32066797e+00,           1,    1.420000e-02,  6.652206e+01,  6.652206e+01,  6.729522e+01,  2.012205e+01,  1.434090e+06,  4.218441e+00,  0.000000e+00,  0.000000e+00,  0.000000e+00,  4.674789e-05,  3.80403737e+00
  3.80042189e+00,  2.37780909e-04,  3.32090575e+00,           1,    1.420000e-02,  6.651090e+01,  6.651090e+01,  6.693790e+01,  2.012205e+01,  1.434235e+06,  4.229792e+00,  0.000000e+00,  0.000000e+00,  0.000000e+00,  4.691392e-05,  3.80449454e+00
  3.80089005e+00,  2.37795257e-04,  3.32114355e+00,           1,    1.420000e-02,  6.649970e+01,  6.649970e+01,  6.659412e+01,  2.012205e+01,  1.434834e+06,  4.241139e+00,  0.000000e+00,  0.000000e+00,  0.000000e+00,  4.710264e-05,  3.80472411e+00
  3.80135929e+00,  2.37809670e-04,  3.32138136e+00,           1,    1.420000e-02,  6.648845e+01,  6.648845e+01,  6.624696e+01,  2.012205e+01,  1.435439e+06,  4.252685e+00,  0.000000e+00,  0.000000e+00,  0.000000e+00,  4.729454e-05,  3.80495472e+00
  3.80182963e+00,  2.37824149e-04,  3.32161918e+00,           1,    1.420000e-02,  6.647716e+01,  6.647716e+01,  6.589645e+01,  2.012205e+01,  1.436049e+06,  4.264433e+00,  0.000000e+00,  0.000000e+00,  0.000000e+00,  4.748966e-05,  3.80518638e+00
  3.80272096e+00,  4.48685513e-04,  3.32206787e+00,           1,    1.420000e-02,  6.645567e+01,  6.645567e+01,  6.524102e+01,  2.012205e+01,  1.437621e+06,  4.286973e+00,  0.000000e+00,  0.000000e+00,  0.000000e+00,  4.788481e-05,  3.80541911e+00
  3.80350403e+00,  3.92645529e-04,  3.32246051e+00,           1,    1.420000e-02,  6.643674e+01,  6.643674e+01,  6.464103e+01,  2.012205e+01,  1.438547e+06,  4.307516e+00,  0.000000e+00,  0.000000e+00,  0.000000e+00,  4.821979e-05,  3.80586213e+00
  3.80419169e+00,  3.43600108e-04,  3.32280411e+00,           1,    1.420000e-02,  6.642007e+01,  6.642007e+01,  6.410897e+01,  2.012205e+01,  1.439368e+06,  4.325971e+00,  0.000000e+00,  0.000000e+00,  0.000000e+00,  4.852048e-05,  3.80625283e+00
  3.80451147e+00,  3.00677288e-04,  3.32310479e+00,           1,    1.420000e-02,  6.641914e+01,  6.641914e+01,  6.363810e+01,  2.012205e+01,  1.440094e+06,  4.342493e+00,  0.000000e+00,  0.000000e+00,  0.000000e+00,  3.077605e-06,  3.80659710e+00
  3.80479161e+00,  2.63093948e-04,  3.32336789e+00,           1,    1.420000e-02,  6.641832e+01,  6.641832e+01,  6.324166e+01,  2.012205e+01,  1.441294e+06,  4.356989e+00,  0.000000e+00,  0.000000e+00,  0.000000e+00,  3.138660e-06,  3.80661622e+00
  3.80503700e+00,  2.30208236e-04,  3.32359809e+00,           1,    1.420000e-02,  6.641758e+01,  6.641758e+01,  6.289160e+01,  2.012205e+01,  1.442350e+06,  4.369899e+00,  0.000000e+00,  0.000000e+00,  0.000000e+00,  3.193548e-06,  3.80663328e+00
  3.80546727e+00,  4.02866020e-04,  3.32400096e+00,           1,    1.420000e-02,  6.641626e+01,  6.641626e+01,  6.227303e+01,  2.012205e+01,  1.444245e+06,  4.392990e+00,  0.000000e+00,  0.000000e+00,  0.000000e+00,  3.293044e-06,  3.80664847e+00
  3.80579045e+00,  3.02151691e-04,  3.32430311e+00,           1,    1.420000e-02,  6.641524e+01,  6.641524e+01,  6.180231e+01,  2.012205e+01,  1.445649e+06,  4.410759e+00,  0.000000e+00,  0.000000e+00,  0.000000e+00,  3.370542e-06,  3.80667587e+00
  3.80603313e+00,  2.26615021e-04,  3.32452973e+00,           1,    1.420000e-02,  6.641446e+01,  6.641446e+01,  6.144611e+01,  2.012205e+01,  1.446710e+06,  4.424337e+00,  0.000000e+00,  0.000000e+00,  0.000000e+00,  3.430362e-06,  3.80669691e+00
  3.80639779e+00,  3.39923965e-04,  3.32486965e+00,           1,    1.420000e-02,  6.641326e+01,  6.641326e+01,  6.090787e+01,  2.012205e+01,  1.448343e+06,  4.445096e+00,  0.000000e+00,  0.000000e+00,  0.000000e+00,  3.522953e-06,  3.80671298e+00
  3.80676314e+00,  3.39926175e-04,  3.32520958e+00,           2,    1.420000e-02,  6.641203e+01,  6.641203e+01,  6.036324e+01,  2.012205e+01,  1.449976e+06,  4.466362e+00,  0.000000e+00,  0.000000e+00,  0.000000e+00,  3.618988e-06,  3.80673772e+00
  3.80676314e+00,  2.71553387e-09,  3.32520958e+00,           2,    1.420000e-02,  6.641203e+01,  6.641203e+01,  5.823391e+01,  2.012205e+01,  1.449925e+06,  4.547246e+00,  2.777080e+01,  0.000000e+00,  2.777080e+01,  3.958891e-06,  3.80676314e+00
  3.80676915e+00,  5.56141336e-06,  3.32521514e+00,           2,    1.420000e-02,  6.641201e+01,  6.641201e+01,  5.857716e+01,  2.012205e+01,  1.449867e+06,  4.533858e+00,  2.777166e+01,  0.000000e+00,  2.777166e+01,  3.901378e-06,  3.80676314e+00
  3.80677515e+00,  5.56141474e-06,  3.32522070e+00,           2,    1.420000e-02,  6.641199e+01,  6.641199e+01,  5.892240e+01,  2.012205e+01,  1.449809e+06,  4.520510e+00,  2.777252e+01,  0.000000e+00,  2.777252e+01,  3.844382e-06,  3.80676359e+00
  3.80678115e+00,  5.56141610e-06,  3.32522626e+00,           2,    1.420000e-02,  6.641197e+01,  6.641197e+01,  5.926967e+01,  2.012205e+01,  1.449750e+06,  4.507202e+00,  2.777338e+01,  0.000000e+00,  2.777338e+01,  3.787907e-06,  3.80676403e+00
  3.80678714e+00,  5.56141744e-06,  3.32523182e+00,           2,    1.420000e-02,  6.641195e+01,  6.641195e+01,  5.961899e+01,  2.012205e+01,  1.449691e+06,  4.493933e+00,  2.777423e+01,  0.000000e+00,  2.777423e+01,  3.731953e-06,  3.80676446e+00
  3.80679312e+00,  5.56141876e-06,  3.32523739e+00,           2,    1.420000e-02,  6.641193e+01,  6.641193e+01,  5.997037e+01,  2.012205e+01,  1.449632e+06,  4.480702e+00,  2.777509e+01,  0.000000e+00,  2.777509e+01,  3.676522e-06,  3.80676489e+00
  3.80679910e+00,  5.56142006e-06,  3.32524295e+00,           2,    1.420000e-02,  6.641191e+01,  6.641191e+01,  6.032382e+01,  2.012205e+01,  1.449573e+06,  4.467511e+00,  2.777594e+01,  0.000000e+00,  2.777594e+01,  3.621617e-06,  3.80676532e+00
  3.80680507e+00,  5.56142134e-06,  3.32524851e+00,           2,    1.420000e-02,  6.641189e+01,  6.641189e+01,  6.067935e+01,  2.012205e+01,  1.449514e+06,  4.454358e+00,  2.777680e+01,  0.000000e+00,  2.777680e+01,  3.567237e-06,  3.80676573e+00
  3.80681104e+00,  5.56142260e-06,  3.32525407e+00,           2,    1.420000e-02,  6.641187e+01,  6.641187e+01,  6.103698e+01,  2.012205e+01,  1.449456e+06,  4.441245e+00,  2.777766e+01,  0.000000e+00,  2.777766e+01,  3.513384e-06,  3.80676614e+00
  3.80681700e+00,  5.56142384e-06,  3.32525963e+00,           2,    1.420000e-02,  6.641185e+01,  6.641185e+01,  6.139672e+01,  2.012205e+01,  1.449397e+06,  4.428169e+00,  2.777851e+01,  0.000000e+00,  2.777851e+01,  3.460059e-06,  3.80676655e+00
  3.80682295e+00,  5.56142506e-06,  3.32526519e+00,           2,    1.420000e-02,  6.641183e+01,  6.641183e+01,  6.175858e+01,  2.012205e+01,  1.449338e+06,  4.415133e+00,  2.777937e+01,  0.000000e+00,  2.777937e+01,  3.407262e-06,  3.80676694e+00
  3.80682890e+00,  5.56142627e-06,  3.32527075e+00,           2,    1.420000e-02,  6.641181e+01,  6.641181e+01,  6.212257e+01,  2.012205e+01,  1.449279e+06,  4.402134e+00,  2.778023e+01,  0.000000e+00,  2.778023e+01,  3.354994e-06,  3.80676733e+00
  3.80683484e+00,  5.56142746e-06,  3.32527632e+00,           2,    1.420000e-02,  6.641179e+01,  6.641179e+01,  6.248871e+01,  2.012205e+01,  1.449221e+06,  4.389174e+00,  2.778109e+01,  0.000000e+00,  2.778109e+01,  3.303256e-06,  3.80676772e+00
  3.80684077e+00,  5.56142862e-06,  3.32528188e+00,           2,    1.420000e-02,  6.641177e+01,  6.641177e+01,  6.285701e+01,  2.012205e+01,  1.449162e+06,  4.376252e+00,  2.778194e+01,  0.000000e+00,  2.778194e+01,  3.252047e-06,  3.80676810e+00
  3.80684670e+00,  5.56142977e-06,  3.32528744e+00,           2,    1.420000e-02,  6.641176e+01,  6.641176e+01,  6.322748e+01,  2.012205e+01,  1.449103e+06,  4.363369e+00,  2.778280e+01,  0.000000e+00,  2.778280e+01,  3.201368e-06,  3.80676847e+00
  3.80685263e+00,  5.56143090e-06,  3.32529300e+00,           2,    1.420000e-02,  6.641174e+01,  6.641174e+01,  6.360013e+01,  2.012205e+01,  1.449044e+06,  4.350523e+00,  2.778366e+01,  0.000000e+00,  2.778366e+01,  3.151219e-06,  3.80676884e+00
  3.80685855e+00,  5.56143202e-06,  3.32529856e+00,           2,    1.420000e-02,  6.641172e+01,  6.641172e+01,  6.397498e+01,  2.012205e+01,  1.448986e+06,  4.337714e+00,  2.778452e+01,  0.000000e+00,  2.778452e+01,  3.101600e-06,  3.80676920e+00
  3.80686977e+00,  5.56143311e-06,  3.32530412e+00,           2,    1.420000e-02,  6.641145e+01,  6.641145e+01,  6.435203e+01,  2.012205e+01,  1.448927e+06,  4.324944e+00,  2.778537e+01,  0.000000e+00,  2.778537e+01,  4.924780e-05,  3.80676956e+00
  3.80688097e+00,  5.56145052e-06,  3.32530968e+00,           2,    1.420000e-02,  6.641117e+01,  6.641117e+01,  6.473095e+01,  2.012205e+01,  1.448858e+06,  4.312215e+00,  2.778609e+01,  0.000000e+00,  2.778609e+01,  4.908782e-05,  3.80677522e+00
  3.80689215e+00,  5.56146787e-06,  3.32531525e+00,           2,    1.420000e-02,  6.641090e+01,  6.641090e+01,  6.511211e+01,  2.012205e+01,  1.448789e+06,  4.299524e+00,  2.778680e+01,  0.000000e+00,  2.778680e+01,  4.892837e-05,  3.80678086e+00
  3.80690332e+00,  5.56148516e-06,  3.32532081e+00,           2,    1.420000e-02,  6.641063e+01,  6.641063e+01,  6.549551e+01,  2.012205e+01,  1.448720e+06,  4.286870e+00,  2.778752e+01,  0.000000e+00,  2.778752e+01,  4.876944e-05,  3.80678648e+00
  3.80691447e+00,  5.56150240e-06,  3.32532637e+00,           2,    1.420000e-02,  6.641036e+01,  6.641036e+01,  6.588116e+01,  2.012205e+01,  1.448651e+06,  4.274254e+00,  2.778823e+01,  0.000000e+00,  2.778823e+01,  4.861102e-05,  3.80679209e+00
  3.80692560e+00,  5.56151959e-06,  3.32533193e+00,           2,    1.420000e-02,  6.641009e+01,  6.641009e+01,  6.626909e+01,  2.012205e+01,  1.448582e+06,  4.261674e+00,  2.778895e+01,  0.000000e+00,  2.778895e+01,  4.845312e-05,  3.80679767e+00
  3.80693671e+00,  5.56153671e-06,  3.32533749e+00,           2,    1.420000e-02,  6.640982e+01,  6.640982e+01,  6.665931e+01,  2.012205e+01,  1.448513e+06,  4.249132e+00,  2.778966e+01,  0.000000e+00,  2.778966e+01,  4.829573e-05,  3.80680324e+00
  3.80694781e+00,  5.56155378e-06,  3.32534305e+00,           2,    1.420000e-02,  6.640955e+01,  6.640955e+01,  6.705183e+01,  2.012205e+01,  1.448444e+06,  4.236626e+00,  2.779038e+01,  0.000000e+00,  2.779038e+01,  4.813886e-05,  3.80680879e+00
  3.80695888e+00,  5.56157080e-06,  3.32534862e+00,           2,    1.420000e-02,  6.640929e+01,  6.640929e+01,  6.744666e+01,  2.012205e+01,  1.448375e+06,  4.224157e+00,  2.779109e+01,  0.000000e+00,  2.779109e+01,  4.798250e-05,  3.80681433e+00
  3.80696994e+00,  5.56158776e-06,  3.32535418e+00,           2,    1.420000e-02,  6.640902e+01,  6.640902e+01,  6.784381e+01,  2.012205e+01,  1.448306e+06,  4.211725e+00,  2.779181e+01,  0.000000e+00,  2.779181e+01,  4.782665e-05,  3.80681984e+00
  3.80698098e+00,  5.56160467e-06,  3.32535974e+00,           2,    1.420000e-02,  6.640876e+01,  6.640876e+01,  6.824331e+01,  2.012205e+01,  1.448238e+06,  4.199329e+00,  2.779253e+01,  0.000000e+00,  2.779253e+01,  4.767130e-05,  3.80682534e+00
  3.80699201e+00,  5.56162152e-06,  3.32536530e+00,           2,    1.420000e-02,  6.640849e+01,  6.640849e+01,  6.864516e+01,  2.012205e+01,  1.448169e+06,  4.186970e+00,  2.779325e+01,  0.000000e+00,  2.779325e+01,  4.751646e-05,  3.80683082e+00
  3.80700301e+00,  5.56163832e-06,  3.32537086e+00,           2,    1.420000e-02,  6.640823e+01,  6.640823e+01,  6.904938e+01,  2.012205e+01,  1.448100e+06,  4.174647e+00,  2.779396e+01,  0.000000e+00,  2.779396e+01,  4.736213e-05,  3.80683628e+00
  3.80701400e+00,  5.56165506e-06,  3.32537642e+00,           2,    1.420000e-02,  6.640797e+01,  6.640797e+01,  6.945598e+01,  2.012205e+01,  1.448032e+06,  4.162360e+00,  2.779468e+01,  0.000000e+00,  2.779468e+01,  4.720830e-05,  3.80684172e+00
  3.80702497e+00,  5.56167175e-06,  3.32538199e+00,           2,    1.420000e-02,  6.640771e+01,  6.640771e+01,  6.986497e+01,  2.012205e+01,  1.447963e+06,  4.150110e+00,  2.779540e+01,  0.000000e+00,  2.779540e+01,  4.705496e-05,  3.80684715e+00
  3.80703593e+00,  5.56168838e-06,  3.32538755e+00,           2,    1.420000e-02,  6.640744e+01,  6.640744e+01,  7.027638e+01,  2.012205e+01,  1.447894e+06,  4.137896e+00,  2.779612e+01,  0.000000e+00,  2.779612e+01,  4.690213e-05,  3.80685256e+00
  3.80704686e+00,  5.56170496e-06,  3.32539311e+00,           2,    1.420000e-02,  6.640718e+01,  6.640718e+01,  7.069021e+01,  2.012205e+01,  1.447826e+06,  4.125717e+00,  2.779684e+01,  0.000000e+00,  2.779684e+01,  4.674980e-05,  3.80685795e+00
  3.80705778e+00,  5.56172149e-06,  3.32539867e+00,           2,    1.420000e-02,  6.640692e+01,  6.640692e+01,  7.110648e+01,  2.012205e+01,  1.447757e+06,  4.113574e+00,  2.779756e+01,  0.000000e+00,  2.779756e+01,  4.659796e-05,  3.80686332e+00
  3.80706868e+00,  5.56173797e-06,  3.32540423e+00,           2,    1.420000e-02,  6.640667e+01,  6.640667e+01,  7.152521e+01,  2.012205e+01,  1.447689e+06,  4.101467e+00,  2.779829e+01,  0.000000e+00,  2.779829e+01,  4.644662e-05,  3.80686868e+00
  3.80707956e+00,  5.56175439e-06,  3.32540979e+00,           2,    1.420000e-02,  6.640641e+01,  6.640641e+01,  7.194640e+01,  2.012205e+01,  1.447620e+06,  4.089396e+00,  2.779901e+01,  0.000000e+00,  2.779901e+01,  4.629577e-05,  3.80687402e+00
  3.80709043e+00,  5.56177075e-06,  3.32541536e+00,           2,    1.420000e-02,  6.640615e+01,  6.640615e+01,  7.237007e+01,  2.012205e+01,  1.447552e+06,  4.077360e+00,  2.779973e+01,  0.000000e+00,  2.779973e+01,  4.614541e-05,  3.80687934e+00
  3.80710128e+00,  5.56178707e-06,  3.32542092e+00,           2,    1.420000e-02,  6.640590e+01,  6.640590e+01,  7.279624e+01,  2.012205e+01,  1.447484e+06,  4.065359e+00,  2.780045e+01,  0.000000e+00,  2.780045e+01,  4.599554e-05,  3.80688464e+00
  3.80711211e+00,  5.56180333e-06,  3.32542648e+00,           2,    1.420000e-02,  6.640564e+01,  6.640564e+01,  7.322492e+01,  2.012205e+01,  1.447415e+06,  4.053394e+00,  2.780118e+01,  0.000000e+00,  2.780118e+01,  4.584616e-05,  3.80688993e+00
  3.80712293e+00,  5.56181954e-06,  3.32543204e+00,           2,    1.420000e-02,  6.640539e+01,  6.640539e+01,  7.365613e+01,  2.012205e+01,  1.447347e+06,  4.041464e+00,  2.780190e+01,  0.000000e+00,  2.780190e+01,  4.569726e-05,  3.80689520e+00
  3.80713373e+00,  5.56183569e-06,  3.32543760e+00,           2,    1.420000e-02,  6.640513e+01,  6.640513e+01,  7.408988e+01,  2.012205e+01,  1.447279e+06,  4.029569e+00,  2.780262e+01,  0.000000e+00,  2.780262e+01,  4.554885e-05,  3.80690045e+00
  3.80714451e+00,  5.56185180e-06,  3.32544316e+00,           2,    1.420000e-02,  6.640488e+01,  6.640488e+01,  7.452618e+01,  2.012205e+01,  1.447211e+06,  4.017709e+00,  2.780335e+01,  0.000000e+00,  2.780335e+01,  4.540092e-05,  3.80690569e+00
  3.80715527e+00,  5.56186785e-06,  3.32544873e+00,           2,    1.420000e-02,  6.640463e+01,  6.640463e+01,  7.496506e+01,  2.012205e+01,  1.447142e+06,  4.005884e+00,  2.780407e+01,  0.000000e+00,  2.780407e+01,  4.525348e-05,  3.80691091e+00
  3.80716602e+00,  5.56188385e-06,  3.32545429e+00,           2,    1.420000e-02,  6.640438e+01,  6.640438e+01,  7.540652e+01,  2.012205e+01,  1.447074e+06,  3.994094e+00,  2.780480e+01,  0.000000e+00,  2.780480e+01,  4.510651e-05,  3.80691611e+00
  3.80717675e+00,  5.56189980e-06,  3.32545985e+00,           2,    1.420000e-02,  6.640413e+01,  6.640413e+01,  7.585058e+01,  2.012205e+01,  1.447006e+06,  3.982338e+00,  2.780552e+01,  0.000000e+00,  2.780552e+01,  4.496003e-05,  3.80692130e+00
  3.80718747e+00,  5.56191570e-06,  3.32546541e+00,           2,    1.420000e-02,  6.640388e+01,  6.640388e+01,  7.629726e+01,  2.012205e+01,  1.446938e+06,  3.970617e+00,  2.780625e+01,  0.000000e+00,  2.780625e+01,  4.481402e-05,  3.80692646e+00
  3.80719817e+00,  5.56193154e-06,  3.32547097e+00,           2,    1.420000e-02,  6.640363e+01,  6.640363e+01,  7.674657e+01,  2.012205e+01,  1.446870e+06,  3.958931e+00,  2.780698e+01,  0.000000e+00,  2.780698e+01,  4.466848e-05,  3.80693162e+00
  3.80720885e+00,  5.56194734e-06,  3.32547654e+00,           2,    1.420000e-02,  6.640338e+01,  6.640338e+01,  7.719853e+01,  2.012205e+01,  1.446802e+06,  3.947278e+00,  2.780771e+01,  0.000000e+00,  2.780771e+01,  4.452342e-05,  3.80693675e+00
  3.80721951e+00,  5.56196308e-06,  3.32548210e+00,           2,    1.420000e-02,  6.640314e+01,  6.640314e+01,  7.765316e+01,  2.012205e+01,  1.446734e+06,  3.935661e+00,  2.780843e+01,  0.000000e+00,  2.780843e+01,  4.437884e-05,  3.80694187e+00
  3.80723016e+00,  5.56197877e-06,  3.32548766e+00,           2,    1.420000e-02,  6.640289e+01,  6.640289e+01,  7.811046e+01,  2.012205e+01,  1.446666e+06,  3.924077e+00,  2.780916e+01,  0.000000e+00,  2.780916e+01,  4.423472e-05,  3.80694697e+00
  3.80724079e+00,  5.56199441e-06,  3.32549322e+00,           2,    1.420000e-02,  6.640265e+01,  6.640265e+01,  7.857046e+01,  2.012205e+01,  1.446599e+06,  3.912527e+00,  2.780989e+01,  0.000000e+00,  2.780989e+01,  4.409107e-05,  3.80695206e+00
  3.80725141e+00,  5.56201000e-06,  3.32549878e+00,           2,    1.420000e-02,  6.640240e+01,  6.640240e+01,  7.903317e+01,  2.012205e+01,  1.446531e+06,  3.901011e+00,  2.781062e+01,  0.000000e+00,  2.781062e+01,  4.394789e-05,  3.80695713e+00
  3.80726201e+00,  5.56202554e-06,  3.32550435e+00,           2,    1.420000e-02,  6.640216e+01,  6.640216e+01,  7.949861e+01,  2.012205e+01,  1.446463e+06,  3.889529e+00,  2.781135e+01,  0.000000e+00,  2.781135e+01,  4.380518e-05,  3.80696218e+00
  3.80727259e+00,  5.56204104e-06,  3.32550991e+00,           2,    1.420000e-02,  6.640191e+01,  6.640191e+01,  7.996678e+01,  2.012205e+01,  1.446395e+06,  3.878081e+00,  2.781208e+01,  0.000000e+00,  2.781208e+01,  4.366293e-05,  3.80696722e+00
  3.80728316e+00,  5.56205648e-06,  3.32551547e+00,           2,    1.420000e-02,  6.640167e+01,  6.640167e+01,  8.043772e+01,  2.012205e+01,  1.446327e+06,  3.866667e+00,  2.781281e+01,  0.000000e+00,  2.781281e+01,  4.352114e-05,  3.80697224e+00
  3.80729371e+00,  5.56207187e-06,  3.32552103e+00,           2,    1.420000e-02,  6.640143e+01,  6.640143e+01,  8.091144e+01,  2.012205e+01,  1.446260e+06,  3.855286e+00,  2.781354e+01,  0.000000e+00,  2.781354e+01,  4.337982e-05,  3.80697724e+00
  3.80730424e+00,  5.56208721e-06,  3.32552659e+00,           2,    1.420000e-02,  6.640119e+01,  6.640119e+01,  8.138794e+01,  2.012205e+01,  1.446192e+06,  3.843939e+00,  2.781427e+01,  0.000000e+00,  2.781427e+01,  4.323895e-05,  3.80698223e+00
  3.80731476e+00,  5.56210250e-06,  3.32553216e+00,           2,    1.420000e-02,  6.640095e+01,  6.640095e+01,  8.186725e+01,  2.012205e+01,  1.446124e+06,  3.832625e+00,  2.781500e+01,  0.000000e+00,  2.781500e+01,  4.309855e-05,  3.80698720e+00
  3.80732526e+00,  5.56211774e-06,  3.32553772e+00,           2,    1.420000e-02,  6.640071e+01,  6.640071e+01,  8.234939e+01,  2.012205e+01,  1.446057e+06,  3.821344e+00,  2.781573e+01,  0.000000e+00,  2.781573e+01,  4.295860e-05,  3.80699216e+00
  3.80733575e+00,  5.56213293e-06,  3.32554328e+00,           2,    1.420000e-02,  6.640047e+01,  6.640047e+01,  8.283437e+01,  2.012205e+01,  1.445989e+06,  3.810097e+00,  2.781647e+01,  0.000000e+00,  2.781647e+01,  4.281910e-05,  3.80699710e+00
  3.80735856e+00,  5.56214807e-06,  3.32554884e+00,           2,    1.420000e-02,  6.639964e+01,  6.639964e+01,  8.332221e+01,  2.012205e+01,  1.445922e+06,  3.798882e+00,  2.781720e+01,  0.000000e+00,  2.781720e+01,  1.500000e-04,  3.80700202e+00
  3.80738138e+00,  5.56220112e-06,  3.32555440e+00,           2,    1.420000e-02,  6.639881e+01,  6.639881e+01,  8.381186e+01,  2.012205e+01,  1.445830e+06,  3.787709e+00,  2.781760e+01,  0.000000e+00,  2.781760e+01,  1.500000e-04,  3.80701927e+00
  3.80740419e+00,  5.56225417e-06,  3.32555997e+00,           2,    1.420000e-02,  6.639797e+01,  6.639797e+01,  8.430440e+01,  2.012205e+01,  1.445738e+06,  3.776568e+00,  2.781799e+01,  0.000000e+00,  2.781799e+01,  1.500000e-04,  3.80703651e+00
  3.80742701e+00,  5.56230722e-06,  3.32556553e+00,           2,    1.420000e-02,  6.639714e+01,  6.639714e+01,  8.479983e+01,  2.012205e+01,  1.445647e+06,  3.765460e+00,  2.781839e+01,  0.000000e+00,  2.781839e+01,  1.500000e-04,  3.80705376e+00
  3.80744982e+00,  5.56236028e-06,  3.32557109e+00,           2,    1.420000e-02,  6.639630e+01,  6.639630e+01,  8.529818e+01,  2.012205e+01,  1.445555e+06,  3.754385e+00,  2.781878e+01,  0.000000e+00,  2.781878e+01,  1.500000e-04,  3.80707101e+00
  3.80747264e+00,  5.56241333e-06,  3.32557665e+00,           2,    1.420000e-02,  6.639547e+01,  6.639547e+01,  8.579945e+01,  2.012205e+01,  1.445463e+06,  3.743342e+00,  2.781918e+01,  0.000000e+00,  2.781918e+01,  1.500000e-04,  3.80708827e+00
  3.80749546e+00,  5.56246639e-06,  3.32558222e+00,           2,    1.420000e-02,  6.639463e+01,  6.639463e+01,  8.630368e+01,  2.012205e+01,  1.445371e+06,  3.732331e+00,  2.781958e+01,  0.000000e+00,  2.781958e+01,  1.500000e-04,  3.80710552e+00
  3.80751828e+00,  5.56251945e-06,  3.32558778e+00,           2,    1.420000e-02,  6.639380e+01,  6.639380e+01,  8.681087e+01,  2.012205e+01,  1.445280e+06,  3.721353e+00,  2.781997e+01,  0.000000e+00,  2.781997e+01,  1.500000e-04,  3.80712277e+00
  3.80754110e+00,  5.56257252e-06,  3.32559334e+00,           2,    1.420000e-02,  6.639296e+01,  6.639296e+01,  8.732104e+01,  2.012205e+01,  1.445188e+06,  3.710408e+00,  2.782037e+01,  0.000000e+00,  2.782037e+01,  1.500000e-04,  3.80714002e+00
  3.80756392e+00,  5.56262558e-06,  3.32559890e+00,           2,    1.420000e-02,  6.639213e+01,  6.639213e+01,  8.783421e+01,  2.012205e+01,  1.445096e+06,  3.699494e+00,  2.782076e+01,  0.000000e+00,  2.782076e+01,  1.500000e-04,  3.80715728e+00
  3.80758674e+00,  5.56267865e-06,  3.32560447e+00,           2,    1.420000e-02,  6.639130e+01,  6.639130e+01,  8.835040e+01,  2.012205e+01,  1.445005e+06,  3.688613e+00,  2.782116e+01,  0.000000e+00,  2.782116e+01,  1.500000e-04,  3.80717453e+00
  3.80760956e+00,  5.56273172e-06,  3.32561003e+00,           2,    1.420000e-02,  6.639046e+01,  6.639046e+01,  8.886963e+01,  2.012205e+01,  1.444913e+06,  3.677763e+00,  2.782155e+01,  0.000000e+00,  2.782155e+01,  1.500000e-04,  3.80719178e+00
  3.80763239e+00,  5.56278479e-06,  3.32561559e+00,           2,    1.420000e-02,  6.638963e+01,  6.638963e+01,  8.939191e+01,  2.012205e+01,  1.444821e+06,  3.666945e+00,  2.782195e+01,  0.000000e+00,  2.782195e+01,  1.500000e-04,  3.80720904e+00
  3.80765521e+00,  5.56283787e-06,  3.32562116e+00,           2,    1.420000e-02,  6.638879e+01,  6.638879e+01,  8.991726e+01,  2.012205e+01,  1.444730e+06,  3.656159e+00,  2.782235e+01,  0.000000e+00,  2.782235e+01,  1.500000e-04,  3.80722630e+00
  3.80767804e+00,  5.56289094e-06,  3.32562672e+00,           2,    1.420000e-02,  6.638796e+01,  6.638796e+01,  9.044570e+01,  2.012205e+01,  1.444638e+06,  3.645405e+00,  2.782274e+01,  0.000000e+00,  2.782274e+01,  1.500000e-04,  3.80724355e+00
  3.80770086e+00,  5.56294402e-06,  3.32563228e+00,           2,    1.420000e-02,  6.638712e+01,  6.638712e+01,  9.097725e+01,  2.012205e+01,  1.444546e+06,  3.634682e+00,  2.782314e+01,  0.000000e+00,  2.782314e+01,  1.500000e-04,  3.80726081e+00
  3.80772369e+00,  5.56299710e-06,  3.32563784e+00,           2,    1.420000e-02,  6.638629e+01,  6.638629e+01,  9.151192e+01,  2.012205e+01,  1.444455e+06,  3.623991e+00,  2.782353e+01,  0.000000e+00,  2.782353e+01,  1.500000e-04,  3.80727807e+00
  3.80774652e+00,  5.56305019e-06,  3.32564341e+00,           2,    1.420000e-02,  6.638546e+01,  6.638546e+01,  9.204974e+01,  2.012205e+01,  1.444363e+06,  3.613331e+00,  2.782393e+01,  0.000000e+00,  2.782393e+01,  1.500000e-04,  3.80729533e+00
  3.80776934e+00,  5.56310327e-06,  3.32564897e+00,           2,    1.420000e-02,  6.638462e+01,  6.638462e+01,  9.259073e+01,  2.012205e+01,  1.444271e+06,  3.602703e+00,  2.782432e+01,  0.000000e+00,  2.782432e+01,  1.500000e-04,  3.80731259e+00
  3.80779217e+00,  5.56315636e-06,  3.32565453e+00,           2,    1.420000e-02,  6.638379e+01,  6.638379e+01,  9.313489e+01,  2.012205e+01,  1.444180e+06,  3.592106e+00,  2.782472e+01,  0.000000e+00,  2.782472e+01,  1.500000e-04,  3.80732985e+00
  3.80781500e+00,  5.56320945e-06,  3.32566010e+00,           2,    1.420000e-02,  6.638295e+01,  6.638295e+01,  9.368225e+01,  2.012205e+01,  1.444088e+06,  3.581540e+00,  2.782511e+01,  0.000000e+00,  2.782511e+01,  1.500000e-04,  3.80734711e+00
  3.80783783e+00,  5.56326254e-06,  3.32566566e+00,           2,    1.420000e-02,  6.638212e+01,  6.638212e+01,  9.423283e+01,  2.012205e+01,  1.443997e+06,  3.571005e+00,  2.782551e+01,  0.000000e+00,  2.782551e+01,  1.500000e-04,  3.80736438e+00
  3.80786066e+00,  5.56331564e-06,  3.32567122e+00,           2,    1.420000e-02,  6.638128e+01,  6.638128e+01,  9.478666e+01,  2.012205e+01,  1.443905e+06,  3.560501e+00,  2.782590e+01,  0.000000e+00,  2.782590e+01,  1.500000e-04,  3.80738164e+00
  3.80788350e+00,  5.56336873e-06,  3.32567679e+00,           2,    1.420000e-02,  6.638045e+01,  6.638045e+01,  9.534373e+01,  2.012205e+01,  1.443813e+06,  3.550027e+00,  2.782630e+01,  0.000000e+00,  2.782630e+01,  1.500000e-04,  3.80739890e+00
  3.80790633e+00,  5.56342183e-06,  3.32568235e+00,           2,    1.420000e-02,  6.637961e+01,  6.637961e+01,  9.590409e+01,  2.012205e+01,  1.443722e+06,  3.539585e+00,  2.782669e+01,  0.000000e+00,  2.782669e+01,  1.500000e-04,  3.80741617e+00
  3.80792916e+00,  5.56347493e-06,  3.32568791e+00,           2,    1.420000e-02,  6.637878e+01,  6.637878e+01,  9.646774e+01,  2.012205e+01,  1.443630e+06,  3.529173e+00,  2.782709e+01,  0.000000e+00,  2.782709e+01,  1.500000e-04,  3.80743343e+00
  3.80795200e+00,  5.56352803e-06,  3.32569348e+00,           2,    1.420000e-02,  6.637794e+01,  6.637794e+01,  9.703470e+01,  2.012205e+01,  1.443539e+06,  3.518792e+00,  2.782749e+01,  0.000000e+00,  2.782749e+01,  1.500000e-04,  3.80745070e+00
  3.80797483e+00,  5.56358114e-06,  3.32569904e+00,           2,    1.420000e-02,  6.637711e+01,  6.637711e+01,  9.760500e+01,  2.012205e+01,  1.443447e+06,  3.508441e+00,  2.782788e+01,  0.000000e+00,  2.782788e+01,  1.500000e-04,  3.80746796e+00
  3.80799767e+00,  5.56363425e-06,  3.32570460e+00,           2,    1.420000e-02,  6.637628e+01,  6.637628e+01,  9.817865e+01,  2.012205e+01,  1.443355e+06,  3.498121e+00,  2.782828e+01,  0.000000e+00,  2.782828e+01,  1.500000e-04,  3.80748523e+00
  3.80802051e+00,  5.56368736e-06,  3.32571017e+00,           2,    1.420000e-02,  6.637544e+01,  6.637544e+01,  9.875568e+01,  2.012205e+01,  1.443264e+06,  3.487831e+00,  2.782867e+01,  0.000000e+00,  2.782867e+01,  1.500000e-04,  3.80750250e+00
  3.80804335e+00,  5.56374047e-06,  3.32571573e+00,           2,    1.420000e-02,  6.637461e+01,  6.637461e+01,  9.933610e+01,  2.012205e+01,  1.443172e+06,  3.477571e+00,  2.782907e+01,  0.000000e+00,  2.782907e+01,  1.500000e-04,  3.80751977e+00
  3.80806619e+00,  5.56379358e-06,  3.32572130e+00,           2,    1.420000e-02,  6.637377e+01,  6.637377e+01,  9.991993e+01,  2.012205e+01,  1.443081e+06,  3.467341e+00,  2.782946e+01,  0.000000e+00,  2.782946e+01,  1.500000e-04,  3.80753704e+00
  3.80808903e+00,  5.56384670e-06,  3.32572686e+00,           2,    1.420000e-02,  6.637294e+01,  6.637294e+01,  1.005072e+02,  2.012205e+01,  1.442989e+06,  3.457142e+00,  2.782986e+01,  0.000000e+00,  2.782986e+01,  1.500000e-04,  3.80755431e+00
  3.80811187e+00,  5.56389982e-06,  3.32573242e+00,           2,    1.420000e-02,  6.637210e+01,  6.637210e+01,  1.010979e+02,  2.012205e+01,  1.442898e+06,  3.446972e+00,  2.783025e+01,  0.000000e+00,  2.783025e+01,  1.500000e-04,  3.80757158e+00
  3.80813471e+00,  5.56395294e-06,  3.32573799e+00,           2,    1.420000e-02,  6.637127e+01,  6.637127e+01,  1.016921e+02,  2.012205e+01,  1.442806e+06,  3.436832e+00,  2.783065e+01,  0.000000e+00,  2.783065e+01,  1.500000e-04,  3.80758885e+00
  3.80815755e+00,  5.56400606e-06,  3.32574355e+00,           2,    1.420000e-02,  6.637043e+01,  6.637043e+01,  1.022898e+02,  2.012205e+01,  1.442715e+06,  3.426722e+00,  2.783104e+01,  0.000000e+00,  2.783104e+01,  1.500000e-04,  3.80760612e+00
  3.80818039e+00,  5.56405919e-06,  3.32574912e+00,           2,    1.420000e-02,  6.636960e+01,  6.636960e+01,  1.028910e+02,  2.012205e+01,  1.442623e+06,  3.416642e+00,  2.783143e+01,  0.000000e+00,  2.783143e+01,  1.500000e-04,  3.80762340e+00
  3.80820324e+00,  5.56411232e-06,  3.32575468e+00,           2,    1.420000e-02,  6.636876e+01,  6.636876e+01,  1.034958e+02,  2.012205e+01,  1.442532e+06,  3.406592e+00,  2.783183e+01,  0.000000e+00,  2.783183e+01,  1.500000e-04,  3.80764067e+00
  3.80822608e+00,  5.56416544e-06,  3.32576024e+00,           2,    1.420000e-02,  6.636793e+01,  6.636793e+01,  1.041041e+02,  2.012205e+01,  1.442440e+06,  3.396570e+00,  2.783222e+01,  0.000000e+00,  2.783222e+01,  1.500000e-04,  3.80765795e+00
  3.80824893e+00,  5.56421858e-06,  3.32576581e+00,           2,    1.420000e-02,  6.636709e+01,  6.636709e+01,  1.047159e+02,  2.012205e+01,  1.442349e+06,  3.386579e+00,  2.783262e+01,  0.000000e+00,  2.783262e+01,  1.500000e-04,  3.80767522e+00
  3.80827177e+00,  5.56427171e-06,  3.32577137e+00,           2,    1.420000e-02,  6.636626e+01,  6.636626e+01,  1.053314e+02,  2.012205e+01,  1.442257e+06,  3.376617e+00,  2.783301e+01,  0.000000e+00,  2.783301e+01,  1.500000e-04,  3.80769250e+00
  3.80829462e+00,  5.56432485e-06,  3.32577694e+00,           2,    1.420000e-02,  6.636543e+01,  6.636543e+01,  1.059505e+02,  2.012205e+01,  1.442166e+06,  3.366683e+00,  2.783341e+01,  0.000000e+00,  2.783341e+01,  1.500000e-04,  3.80770977e+00
  3.80831747e+00,  5.56437799e-06,  3.32578250e+00,           2,    1.420000e-02,  6.636459e+01,  6.636459e+01,  1.065732e+02,  2.012205e+01,  1.442074e+06,  3.356780e+00,  2.783380e+01,  0.000000e+00,  2.783380e+01,  1.500000e-04,  3.80772705e+00
  3.80834032e+00,  5.56443113e-06,  3.32578807e+00,           2,    1.420000e-02,  6.636376e+01,  6.636376e+01,  1.071996e+02,  2.012205e+01,  1.441983e+06,  3.346905e+00,  2.783420e+01,  0.000000e+00,  2.783420e+01,  1.500000e-04,  3.80774433e+00
  3.80836317e+00,  5.56448427e-06,  3.32579363e+00,           2,    1.420000e-02,  6.636292e+01,  6.636292e+01,  1.078297e+02,  2.012205e+01,  1.441891e+06,  3.337059e+00,  2.783459e+01,  0.000000e+00,  2.783459e+01,  1.500000e-04,  3.80776161e+00
  3.80838602e+00,  5.56453741e-06,  3.32579919e+00,           2,    1.420000e-02,  6.636209e+01,  6.636209e+01,  1.084635e+02,  2.012205e+01,  1.441800e+06,  3.327242e+00,  2.783499e+01,  0.000000e+00,  2.783499e+01,  1.500000e-04,  3.80777889e+00
  3.80840887e+00,  5.56459056e-06,  3.32580476e+00,           2,    1.420000e-02,  6.636125e+01,  6.636125e+01,  1.091010e+02,  2.012205e+01,  1.441709e+06,  3.317454e+00,  2.783538e+01,  0.000000e+00,  2.783538e+01,  1.500000e-04,  3.80779617e+00
  3.80843172e+00,  5.56464371e-06,  3.32581032e+00,           2,    1.420000e-02,  6.636042e+01,  6.636042e+01,  1.097423e+02,  2.012205e+01,  1.441617e+06,  3.307695e+00,  2.783578e+01,  0.000000e+00,  2.783578e+01,  1.500000e-04,  3.80781345e+00
  3.80845458e+00,  5.56469686e-06,  3.32581589e+00,           2,    1.420000e-02,  6.635958e+01,  6.635958e+01,  1.103873e+02,  2.012205e+01,  1.441526e+06,  3.297964e+00,  2.783617e+01,  0.000000e+00,  2.783617e+01,  1.500000e-04,  3.80783073e+00
  3.80847743e+00,  5.56475002e-06,  3.32582145e+00,           2,    1.420000e-02,  6.635875e+01,  6.635875e+01,  1.110362e+02,  2.012205e+01,  1.441434e+06,  3.288263e+00,  2.783657e+01,  0.000000e+00,  2.783657e+01,  1.500000e-04,  3.80784802e+00
  3.80850028e+00,  5.56480317e-06,  3.32582702e+00,           2,    1.420000e-02,  6.635791e+01,  6.635791e+01,  1.116888e+02,  2.012205e+01,  1.441343e+06,  3.278589e+00,  2.783696e+01,  0.000000e+00,  2.783696e+01,  1.500000e-04,  3.80786530e+00
  3.80852314e+00,  5.56485633e-06,  3.32583258e+00,           2,    1.420000e-02,  6.635708e+01,  6.635708e+01,  1.123453e+02,  2.012205e+01,  1.441251e+06,  3.268944e+00,  2.783735e+01,  0.000000e+00,  2.783735e+01,  1.500000e-04,  3.80788258e+00
  3.80854600e+00,  5.56490949e-06,  3.32583815e+00,           2,    1.420000e-02,  6.635624e+01,  6.635624e+01,  1.130056e+02,  2.012205e+01,  1.441160e+06,  3.259327e+00,  2.783775e+01,  0.000000e+00,  2.783775e+01,  1.500000e-04,  3.80789987e+00
  3.80856885e+00,  5.56496266e-06,  3.32584371e+00,           2,    1.420000e-02,  6.635541e+01,  6.635541e+01,  1.136699e+02,  2.012205e+01,  1.441069e+06,  3.249739e+00,  2.783814e+01,  0.000000e+00,  2.783814e+01,  1.500000e-04,  3.80791715e+00
  3.80859171e+00,  5.56501582e-06,  3.32584928e+00,           2,    1.420000e-02,  6.635457e+01,  6.635457e+01,  1.143380e+02,  2.012205e+01,  1.440977e+06,  3.240179e+00,  2.783854e+01,  0.000000e+00,  2.783854e+01,  1.500000e-04,  3.80793444e+00
  3.80861457e+00,  5.56506899e-06,  3.32585484e+00,           2,    1.420000e-02,  6.635374e+01,  6.635374e+01,  1.150101e+02,  2.012205e+01,  1.440886e+06,  3.230646e+00,  2.783893e+01,  0.000000e+00,  2.783893e+01,  1.500000e-04,  3.80795173e+00
  3.80863743e+00,  5.56512216e-06,  3.32586041e+00,           2,    1.420000e-02,  6.635290e+01,  6.635290e+01,  1.156861e+02,  2.012205e+01,  1.440794e+06,  3.221142e+00,  2.783933e+01,  0.000000e+00,  2.783933e+01,  1.500000e-04,  3.80796901e+00
  3.80866029e+00,  5.56517533e-06,  3.32586597e+00,           2,    1.420000e-02,  6.635207e+01,  6.635207e+01,  1.163661e+02,  2.012205e+01,  1.440703e+06,  3.211666e+00,  2.783972e+01,  0.000000e+00,  2.783972e+01,  1.500000e-04,  3.80798630e+00
  3.80868315e+00,  5.56522850e-06,  3.32587154e+00,           2,    1.420000e-02,  6.635124e+01,  6.635124e+01,  1.170501e+02,  2.012205e+01,  1.440612e+06,  3.202217e+00,  2.784011e+01,  0.000000e+00,  2.784011e+01,  1.500000e-04,  3.80800359e+00
  3.80870602e+00,  5.56528168e-06,  3.32587710e+00,           2,    1.420000e-02,  6.635040e+01,  6.635040e+01,  1.177381e+02,  2.012205e+01,  1.440520e+06,  3.192797e+00,  2.784051e+01,  0.000000e+00,  2.784051e+01,  1.500000e-04,  3.80802088e+00
  3.80872888e+00,  5.56533486e-06,  3.32588267e+00,           2,    1.420000e-02,  6.634957e+01,  6.634957e+01,  1.184302e+02,  2.012205e+01,  1.440429e+06,  3.183404e+00,  2.784090e+01,  0.000000e+00,  2.784090e+01,  1.500000e-04,  3.80803817e+00
  3.80875174e+00,  5.56538804e-06,  3.32588823e+00,           2,    1.420000e-02,  6.634873e+01,  6.634873e+01,  1.191263e+02,  2.012205e+01,  1.440338e+06,  3.174038e+00,  2.784130e+01,  0.000000e+00,  2.784130e+01,  1.500000e-04,  3.80805546e+00
  3.80877461e+00,  5.56544122e-06,  3.32589380e+00,           2,    1.420000e-02,  6.634790e+01,  6.634790e+01,  1.198266e+02,  2.012205e+01,  1.440246e+06,  3.164701e+00,  2.784169e+01,  0.000000e+00,  2.784169e+01,  1.500000e-04,  3.80807276e+00
  3.80879747e+00,  5.56549441e-06,  3.32589937e+00,           2,    1.420000e-02,  6.634706e+01,  6.634706e+01,  1.205309e+02,  2.012205e+01,  1.440155e+06,  3.155390e+00,  2.784208e+01,  0.000000e+00,  2.784208e+01,  1.500000e-04,  3.80809005e+00
  3.80882034e+00,  5.56554759e-06,  3.32590493e+00,           2,    1.420000e-02,  6.634623e+01,  6.634623e+01,  1.212394e+02,  2.012205e+01,  1.440064e+06,  3.146107e+00,  2.784248e+01,  0.000000e+00,  2.784248e+01,  1.500000e-04,  3.80810734e+00
  3.80884321e+00,  5.56560078e-06,  3.32591050e+00,           2,    1.420000e-02,  6.634539e+01,  6.634539e+01,  1.219521e+02,  2.012205e+01,  1.439972e+06,  3.136851e+00,  2.784287e+01,  0.000000e+00,  2.784287e+01,  1.500000e-04,  3.80812464e+00
  3.80886607e+00,  5.56565398e-06,  3.32591606e+00,           2,    1.420000e-02,  6.634456e+01,  6.634456e+01,  1.226689e+02,  2.012205e+01,  1.439881e+06,  3.127623e+00,  2.784327e+01,  0.000000e+00,  2.784327e+01,  1.500000e-04,  3.80814193e+00
  3.80888894e+00,  5.56570717e-06,  3.32592163e+00,           2,    1.420000e-02,  6.634372e+01,  6.634372e+01,  1.233900e+02,  2.012205e+01,  1.439790e+06,  3.118421e+00,  2.784366e+01,  0.000000e+00,  2.784366e+01,  1.500000e-04,  3.80815923e+00
  3.80891181e+00,  5.56576037e-06,  3.32592719e+00,           2,    1.420000e-02,  6.634289e+01,  6.634289e+01,  1.241153e+02,  2.012205e+01,  1.439698e+06,  3.109247e+00,  2.784405e+01,  0.000000e+00,  2.784405e+01,  1.500000e-04,  3.80817652e+00
  3.80893468e+00,  5.56581356e-06,  3.32593276e+00,           2,    1.420000e-02,  6.634205e+01,  6.634205e+01,  1.248449e+02,  2.012205e+01,  1.439607e+06,  3.100099e+00,  2.784445e+01,  0.000000e+00,  2.784445e+01,  1.500000e-04,  3.80819382e+00
  3.80895756e+00,  5.56586676e-06,  3.32593833e+00,           2,    1.420000e-02,  6.634122e+01,  6.634122e+01,  1.255788e+02,  2.012205e+01,  1.439516e+06,  3.090979e+00,  2.784484e+01,  0.000000e+00,  2.784484e+01,  1.500000e-04,  3.80821112e+00
  3.80898043e+00,  5.56591997e-06,  3.32594389e+00,           2,    1.420000e-02,  6.634038e+01,  6.634038e+01,  1.263170e+02,  2.012205e+01,  1.439425e+06,  3.081885e+00,  2.784523e+01,  0.000000e+00,  2.784523e+01,  1.500000e-04,  3.80822842e+00
  3.80900330e+00,  5.56597317e-06,  3.32594946e+00,           2,    1.420000e-02,  6.633955e+01,  6.633955e+01,  1.270595e+02,  2.012205e+01,  1.439333e+06,  3.072818e+00,  2.784563e+01,  0.000000e+00,  2.784563e+01,  1.500000e-04,  3.80824572e+00
  3.80902617e+00,  5.56602638e-06,  3.32595502e+00,           2,    1.420000e-02,  6.633871e+01,  6.633871e+01,  1.278064e+02,  2.012205e+01,  1.439242e+06,  3.063777e+00,  2.784602e+01,  0.000000e+00,  2.784602e+01,  1.500000e-04,  3.80826302e+00
  3.80904905e+00,  5.56607959e-06,  3.32596059e+00,           2,    1.420000e-02,  6.633788e+01,  6.633788e+01,  1.285577e+02,  2.012205e+01,  1.439151e+06,  3.054763e+00,  2.784642e+01,  0.000000e+00,  2.784642e+01,  1.500000e-04,  3.80828032e+00
  3.80907193e+00,  5.56613280e-06,  3.32596616e+00,           2,    1.420000e-02,  6.633704e+01,  6.633704e+01,  1.293134e+02,  2.012205e+01,  1.439060e+06,  3.045776e+00,  2.784681e+01,  0.000000e+00,  2.784681e+01,  1.500000e-04,  3.80829762e+00
  3.80909480e+00,  5.56618602e-06,  3.32597172e+00,           2,    1.420000e-02,  6.633621e+01,  6.633621e+01,  1.300736e+02,  2.012205e+01,  1.438968e+06,  3.036815e+00,  2.784720e+01,  0.000000e+00,  2.784720e+01,  1.500000e-04,  3.80831492e+00
  3.80911768e+00,  5.56623923e-06,  3.32597729e+00,           2,    1.420000e-02,  6.633537e+01,  6.633537e+01,  1.308382e+02,  2.012205e+01,  1.438877e+06,  3.027880e+00,  2.784760e+01,  0.000000e+00,  2.784760e+01,  1.500000e-04,  3.80833222e+00
  3.80914056e+00,  5.56629245e-06,  3.32598285e+00,           2,    1.420000e-02,  6.633454e+01,  6.633454e+01,  1.316073e+02,  2.012205e+01,  1.438786e+06,  3.018972e+00,  2.784799e+01,  0.000000e+00,  2.784799e+01,  1.500000e-04,  3.80834953e+00
  3.80916344e+00,  5.56634567e-06,  3.32598842e+00,           2,    1.420000e-02,  6.633370e+01,  6.633370e+01,  1.323810e+02,  2.012205e+01,  1.438695e+06,  3.010089e+00,  2.784838e+01,  0.000000e+00,  2.784838e+01,  1.500000e-04,  3.80836683e+00
  3.80918632e+00,  5.56639889e-06,  3.32599399e+00,           2,    1.420000e-02,  6.633287e+01,  6.633287e+01,  1.331592e+02,  2.012205e+01,  1.438603e+06,  3.001233e+00,  2.784878e+01,  0.000000e+00,  2.784878e+01,  1.500000e-04,  3.80838414e+00
  3.80920920e+00,  5.56645212e-06,  3.32599955e+00,           2,    1.420000e-02,  6.633203e+01,  6.633203e+01,  1.339419e+02,  2.012205e+01,  1.438512e+06,  2.992403e+00,  2.784917e+01,  0.000000e+00,  2.784917e+01,  1.500000e-04,  3.80840144e+00
  3.80923208e+00,  5.56650535e-06,  3.32600512e+00,           2,    1.420000e-02,  6.633120e+01,  6.633120e+01,  1.347293e+02,  2.012205e+01,  1.438421e+06,  2.983599e+00,  2.784956e+01,  0.000000e+00,  2.784956e+01,  1.500000e-04,  3.80841875e+00
  3.80925496e+00,  5.56655857e-06,  3.32601069e+00,           2,    1.420000e-02,  6.633036e+01,  6.633036e+01,  1.355213e+02,  2.012205e+01,  1.438330e+06,  2.974821e+00,  2.784996e+01,  0.000000e+00,  2.784996e+01,  1.500000e-04,  3.80843606e+00
  3.80927784e+00,  5.56661181e-06,  3.32601625e+00,           2,    1.420000e-02,  6.632953e+01,  6.632953e+01,  1.363180e+02,  2.012205e+01,  1.438239e+06,  2.966068e+00,  2.785035e+01,  0.000000e+00,  2.785035e+01,  1.500000e-04,  3.80845337e+00
  3.80930073e+00,  5.56666504e-06,  3.32602182e+00,           2,    1.420000e-02,  6.632869e+01,  6.632869e+01,  1.371194e+02,  2.012205e+01,  1.438147e+06,  2.957341e+00,  2.785074e+01,  0.000000e+00,  2.785074e+01,  1.500000e-04,  3.80847067e+00
  3.80932361e+00,  5.56671828e-06,  3.32602739e+00,           2,    1.420000e-02,  6.632786e+01,  6.632786e+01,  1.379255e+02,  2.012205e+01,  1.438056e+06,  2.948640e+00,  2.785114e+01,  0.000000e+00,  2.785114e+01,  1.500000e-04,  3.80848798e+00
  3.80934650e+00,  5.56677151e-06,  3.32603295e+00,           2,    1.420000e-02,  6.632702e+01,  6.632702e+01,  1.387363e+02,  2.012205e+01,  1.437965e+06,  2.939964e+00,  2.785153e+01,  0.000000e+00,  2.785153e+01,  1.500000e-04,  3.80850529e+00
  3.80936938e+00,  5.56682476e-06,  3.32603852e+00,           2,    1.420000e-02,  6.632619e+01,  6.632619e+01,  1.395519e+02,  2.012205e+01,  1.437874e+06,  2.931314e+00,  2.785192e+01,  0.000000e+00,  2.785192e+01,  1.500000e-04,  3.80852261e+00
  3.80939227e+00,  5.56687800e-06,  3.32604409e+00,           2,    1.420000e-02,  6.632535e+01,  6.632535e+01,  1.403722e+02,  2.012205e+01,  1.437783e+06,  2.922690e+00,  2.785232e+01,  0.000000e+00,  2.785232e+01,  1.500000e-04,  3.80853992e+00
  3.80941516e+00,  5.56693124e-06,  3.32604965e+00,           2,    1.420000e-02,  6.632452e+01,  6.632452e+01,  1.411975e+02,  2.012205e+01,  1.437692e+06,  2.914090e+00,  2.785271e+01,  0.000000e+00,  2.785271e+01,  1.500000e-04,  3.80855723e+00
  3.80943805e+00,  5.56698449e-06,  3.32605522e+00,           2,    1.420000e-02,  6.632368e+01,  6.632368e+01,  1.420275e+02,  2.012205e+01,  1.437601e+06,  2.905516e+00,  2.785310e+01,  0.000000e+00,  2.785310e+01,  1.500000e-04,  3.80857454e+00
  3.80946094e+00,  5.56703774e-06,  3.32606079e+00,           2,    1.420000e-02,  6.632285e+01,  6.632285e+01,  1.428625e+02,  2.012205e+01,  1.437509e+06,  2.896967e+00,  2.785350e+01,  0.000000e+00,  2.785350e+01,  1.500000e-04,  3.80859186e+00
  3.80948383e+00,  5.56709099e-06,  3.32606635e+00,           2,    1.420000e-02,  6.632201e+01,  6.632201e+01,  1.437023e+02,  2.012205e+01,  1.437418e+06,  2.888444e+00,  2.785389e+01,  0.000000e+00,  2.785389e+01,  1.500000e-04,  3.80860917e+00
  3.80950672e+00,  5.56714425e-06,  3.32607192e+00,           2,    1.420000e-02,  6.632118e+01,  6.632118e+01,  1.445471e+02,  2.012205e+01,  1.437327e+06,  2.879945e+00,  2.785428e+01,  0.000000e+00,  2.785428e+01,  1.500000e-04,  3.80862649e+00
  3.80952961e+00,  5.56719750e-06,  3.32607749e+00,           2,    1.420000e-02,  6.632034e+01,  6.632034e+01,  1.453969e+02,  2.012205e+01,  1.437236e+06,  2.871471e+00,  2.785467e+01,  0.000000e+00,  2.785467e+01,  1.500000e-04,  3.80864380e+00
  3.80955251e+00,  5.56725076e-06,  3.32608306e+00,           2,    1.420000e-02,  6.631951e+01,  6.631951e+01,  1.462517e+02,  2.012205e+01,  1.437145e+06,  2.863022e+00,  2.785507e+01,  0.000000e+00,  2.785507e+01,  1.500000e-04,  3.80866112e+00
  3.80957540e+00,  5.56730402e-06,  3.32608862e+00,           2,    1.420000e-02,  6.631867e+01,  6.631867e+01,  1.471115e+02,  2.012205e+01,  1.437054e+06,  2.854598e+00,  2.785546e+01,  0.000000e+00,  2.785546e+01,  1.500000e-04,  3.80867844e+00
  3.80959830e+00,  5.56735728e-06,  3.32609419e+00,           2,    1.420000e-02,  6.631784e+01,  6.631784e+01,  1.479763e+02,  2.012205e+01,  1.436963e+06,  2.846199e+00,  2.785585e+01,  0.000000e+00,  2.785585e+01,  1.500000e-04,  3.80869576e+00
  3.80962119e+00,  5.56741055e-06,  3.32609976e+00,           2,    1.420000e-02,  6.631700e+01,  6.631700e+01,  1.488463e+02,  2.012205e+01,  1.436872e+06,  2.837824e+00,  2.785625e+01,  0.000000e+00,  2.785625e+01,  1.500000e-04,  3.80871307e+00
  3.80964409e+00,  5.56746382e-06,  3.32610533e+00,           2,    1.420000e-02,  6.631617e+01,  6.631617e+01,  1.497213e+02,  2.012205e+01,  1.436781e+06,  2.829474e+00,  2.785664e+01,  0.000000e+00,  2.785664e+01,  1.500000e-04,  3.80873039e+00
  3.80966699e+00,  5.56751709e-06,  3.32611089e+00,           2,    1.420000e-02,  6.631533e+01,  6.631533e+01,  1.506015e+02,  2.012205e+01,  1.436690e+06,  2.821149e+00,  2.785703e+01,  0.000000e+00,  2.785703e+01,  1.500000e-04,  3.80874771e+00
  3.80968988e+00,  5.56757036e-06,  3.32611646e+00,           2,    1.420000e-02,  6.631450e+01,  6.631450e+01,  1.514869e+02,  2.012205e+01,  1.436598e+06,  2.812848e+00,  2.785742e+01,  0.000000e+00,  2.785742e+01,  1.500000e-04,  3.80876504e+00
  3.80971278e+00,  5.56762363e-06,  3.32612203e+00,           2,    1.420000e-02,  6.631366e+01,  6.631366e+01,  1.523775e+02,  2.012205e+01,  1.436507e+06,  2.804571e+00,  2.785782e+01,  0.000000e+00,  2.785782e+01,  1.500000e-04,  3.80878236e+00
  3.80973568e+00,  5.56767691e-06,  3.32612760e+00,           2,    1.420000e-02,  6.631283e+01,  6.631283e+01,  1.532734e+02,  2.012205e+01,  1.436416e+06,  2.796319e+00,  2.785821e+01,  0.000000e+00,  2.785821e+01,  1.500000e-04,  3.80879968e+00
  3.80975858e+00,  5.56773019e-06,  3.32613316e+00,           2,    1.420000e-02,  6.631199e+01,  6.631199e+01,  1.541745e+02,  2.012205e+01,  1.436325e+06,  2.788091e+00,  2.785860e+01,  0.000000e+00,  2.785860e+01,  1.500000e-04,  3.80881700e+00
  3.80978148e+00,  5.56778347e-06,  3.32613873e+00,           2,    1.420000e-02,  6.631116e+01,  6.631116e+01,  1.550809e+02,  2.012205e+01,  1.436234e+06,  2.779887e+00,  2.785900e+01,  0.000000e+00,  2.785900e+01,  1.500000e-04,  3.80883433e+00
  3.80980439e+00,  5.56783675e-06,  3.32614430e+00,           2,    1.420000e-02,  6.631032e+01,  6.631032e+01,  1.559926e+02,  2.012205e+01,  1.436143e+06,  2.771708e+00,  2.785939e+01,  0.000000e+00,  2.785939e+01,  1.500000e-04,  3.80885165e+00
  3.80982729e+00,  5.56789003e-06,  3.32614987e+00,           2,    1.420000e-02,  6.630949e+01,  6.630949e+01,  1.569097e+02,  2.012205e+01,  1.436052e+06,  2.763552e+00,  2.785978e+01,  0.000000e+00,  2.785978e+01,  1.500000e-04,  3.80886898e+00
  3.80985019e+00,  5.56794332e-06,  3.32615544e+00,           2,    1.420000e-02,  6.630865e+01,  6.630865e+01,  1.578322e+02,  2.012205e+01,  1.435961e+06,  2.755420e+00,  2.786017e+01,  0.000000e+00,  2.786017e+01,  1.500000e-04,  3.80888630e+00
  3.80987310e+00,  5.56799661e-06,  3.32616100e+00,           2,    1.420000e-02,  6.630782e+01,  6.630782e+01,  1.587601e+02,  2.012205e+01,  1.435870e+06,  2.747312e+00,  2.786057e+01,  0.000000e+00,  2.786057e+01,  1.500000e-04,  3.80890363e+00
  3.80989600e+00,  5.56804990e-06,  3.32616657e+00,           2,    1.420000e-02,  6.630698e+01,  6.630698e+01,  1.596935e+02,  2.012205e+01,  1.435779e+06,  2.739228e+00,  2.786096e+01,  0.000000e+00,  2.786096e+01,  1.500000e-04,  3.80892096e+00
  3.80991891e+00,  5.56810320e-06,  3.32617214e+00,           2,    1.420000e-02,  6.630615e+01,  6.630615e+01,  1.606324e+02,  2.012205e+01,  1.435688e+06,  2.731168e+00,  2.786135e+01,  0.000000e+00,  2.786135e+01,  1.500000e-04,  3.80893829e+00
  3.80994182e+00,  5.56815649e-06,  3.32617771e+00,           2,    1.420000e-02,  6.630531e+01,  6.630531e+01,  1.615768e+02,  2.012205e+01,  1.435597e+06,  2.723132e+00,  2.786174e+01,  0.000000e+00,  2.786174e+01,  1.500000e-04,  3.80895562e+00
  3.80996473e+00,  5.56820979e-06,  3.32618328e+00,           2,    1.420000e-02,  6.630447e+01,  6.630447e+01,  1.625268e+02,  2.012205e+01,  1.435506e+06,  2.715119e+00,  2.786213e+01,  0.000000e+00,  2.786213e+01,  1.500000e-04,  3.80897295e+00
  3.80998764e+00,  5.56826309e-06,  3.32618884e+00,           2,    1.420000e-02,  6.630364e+01,  6.630364e+01,  1.634823e+02,  2.012205e+01,  1.435415e+06,  2.707129e+00,  2.786253e+01,  0.000000e+00,  2.786253e+01,  1.500000e-04,  3.80899028e+00
  3.81001055e+00,  5.56831639e-06,  3.32619441e+00,           2,    1.420000e-02,  6.630280e+01,  6.630280e+01,  1.644435e+02,  2.012205e+01,  1.435324e+06,  2.699163e+00,  2.786292e+01,  0.000000e+00,  2.786292e+01,  1.500000e-04,  3.80900761e+00
  3.81003346e+00,  5.56836970e-06,  3.32619998e+00,           2,    1.420000e-02,  6.630197e+01,  6.630197e+01,  1.654103e+02,  2.012205e+01,  1.435233e+06,  2.691221e+00,  2.786331e+01,  0.000000e+00,  2.786331e+01,  1.500000e-04,  3.80902494e+00
  3.81005637e+00,  5.56842301e-06,  3.32620555e+00,           2,    1.420000e-02,  6.630113e+01,  6.630113e+01,  1.663828e+02,  2.012205e+01,  1.435142e+06,  2.683302e+00,  2.786370e+01,  0.000000e+00,  2.786370e+01,  1.500000e-04,  3.80904227e+00
  3.81007928e+00,  5.56847632e-06,  3.32621112e+00,           2,    1.420000e-02,  6.630030e+01,  6.630030e+01,  1.673610e+02,  2.012205e+01,  1.435051e+06,  2.675406e+00,  2.786410e+01,  0.000000e+00,  2.786410e+01,  1.500000e-04,  3.80905961e+00
  3.81010219e+00,  5.56852963e-06,  3.32621669e+00,           2,    1.420000e-02,  6.629946e+01,  6.629946e+01,  1.683450e+02,  2.012205e+01,  1.434960e+06,  2.667533e+00,  2.786449e+01,  0.000000e+00,  2.786449e+01,  1.500000e-04,  3.80907694e+00
  3.81012511e+00,  5.56858294e-06,  3.32622225e+00,           2,    1.420000e-02,  6.629863e+01,  6.629863e+01,  1.693348e+02,  2.012205e+01,  1.434869e+06,  2.659684e+00,  2.786488e+01,  0.000000e+00,  2.786488e+01,  1.500000e-04,  3.80909428e+00
  3.81014802e+00,  5.56863626e-06,  3.32622782e+00,           2,    1.420000e-02,  6.629779e+01,  6.629779e+01,  1.703304e+02,  2.012205e+01,  1.434778e+06,  2.651857e+00,  2.786527e+01,  0.000000e+00,  2.786527e+01,  1.500000e-04,  3.80911161e+00
  3.81017094e+00,  5.56868958e-06,  3.32623339e+00,           2,    1.420000e-02,  6.629696e+01,  6.629696e+01,  1.713319e+02,  2.012205e+01,  1.434688e+06,  2.644054e+00,  2.786566e+01,  0.000000e+00,  2.786566e+01,  1.500000e-04,  3.80912895e+00
  3.81019386e+00,  5.56874290e-06,  3.32623896e+00,           2,    1.420000e-02,  6.629612e+01,  6.629612e+01,  1.723392e+02,  2.012205e+01,  1.434597e+06,  2.636273e+00,  2.786606e+01,  0.000000e+00,  2.786606e+01,  1.500000e-04,  3.80914629e+00
  3.81021677e+00,  5.56879622e-06,  3.32624453e+00,           2,    1.420000e-02,  6.629529e+01,  6.629529e+01,  1.733525e+02,  2.012205e+01,  1.434506e+06,  2.628515e+00,  2.786645e+01,  0.000000e+00,  2.786645e+01,  1.500000e-04,  3.80916362e+00
  3.81023969e+00,  5.56884954e-06,  3.32625010e+00,           2,    1.420000e-02,  6.629445e+01,  6.629445e+01,  1.743717e+02,  2.012205e+01,  1.434415e+06,  2.620781e+00,  2.786684e+01,  0.000000e+00,  2.786684e+01,  1.500000e-04,  3.80918096e+00
  3.81026261e+00,  5.56890287e-06,  3.32625567e+00,           2,    1.420000e-02,  6.629362e+01,  6.629362e+01,  1.753970e+02,  2.012205e+01,  1.434324e+06,  2.613068e+00,  2.786723e+01,  0.000000e+00,  2.786723e+01,  1.500000e-04,  3.80919830e+00
  3.81028553e+00,  5.56895620e-06,  3.32626124e+00,           2,    1.420000e-02,  6.629278e+01,  6.629278e+01,  1.764282e+02,  2.012205e+01,  1.434233e+06,  2.605379e+00,  2.786762e+01,  0.000000e+00,  2.786762e+01,  1.500000e-04,  3.80921564e+00
  3.81030845e+00,  5.56900953e-06,  3.32626681e+00,           2,    1.420000e-02,  6.629195e+01,  6.629195e+01,  1.774656e+02,  2.012205e+01,  1.434142e+06,  2.597712e+00,  2.786802e+01,  0.000000e+00,  2.786802e+01,  1.500000e-04,  3.80923298e+00
  3.81033137e+00,  5.56906287e-06,  3.32627237e+00,           2,    1.420000e-02,  6.629111e+01,  6.629111e+01,  1.785090e+02,  2.012205e+01,  1.434051e+06,  2.590068e+00,  2.786841e+01,  0.000000e+00,  2.786841e+01,  1.500000e-04,  3.80925033e+00
  3.81035429e+00,  5.56911620e-06,  3.32627794e+00,           2,    1.420000e-02,  6.629027e+01,  6.629027e+01,  1.795586e+02,  2.012205e+01,  1.433960e+06,  2.582446e+00,  2.786880e+01,  0.000000e+00,  2.786880e+01,  1.500000e-04,  3.80926767e+00
  3.81037722e+00,  5.56916954e-06,  3.32628351e+00,           2,    1.420000e-02,  6.628944e+01,  6.628944e+01,  1.806143e+02,  2.012205e+01,  1.433870e+06,  2.574846e+00,  2.786919e+01,  0.000000e+00,  2.786919e+01,  1.500000e-04,  3.80928501e+00
  3.81040014e+00,  5.56922288e-06,  3.32628908e+00,           2,    1.420000e-02,  6.628860e+01,  6.628860e+01,  1.816763e+02,  2.012205e+01,  1.433779e+06,  2.567269e+00,  2.786958e+01,  0.000000e+00,  2.786958e+01,  1.500000e-04,  3.80930236e+00
  3.81042307e+00,  5.56927623e-06,  3.32629465e+00,           2,    1.420000e-02,  6.628777e+01,  6.628777e+01,  1.827445e+02,  2.012205e+01,  1.433688e+06,  2.559714e+00,  2.786998e+01,  0.000000e+00,  2.786998e+01,  1.500000e-04,  3.80931970e+00
  3.81044599e+00,  5.56932957e-06,  3.32630022e+00,           2,    1.420000e-02,  6.628693e+01,  6.628693e+01,  1.838190e+02,  2.012205e+01,  1.433597e+06,  2.552182e+00,  2.787037e+01,  0.000000e+00,  2.787037e+01,  1.500000e-04,  3.80933705e+00
  3.81046892e+00,  5.56938292e-06,  3.32630579e+00,           2,    1.420000e-02,  6.628610e+01,  6.628610e+01,  1.848998e+02,  2.012205e+01,  1.433506e+06,  2.544671e+00,  2.787076e+01,  0.000000e+00,  2.787076e+01,  1.500000e-04,  3.80935439e+00
  3.81049185e+00,  5.56943627e-06,  3.32631136e+00,           2,    1.420000e-02,  6.628526e+01,  6.628526e+01,  1.859870e+02,  2.012205e+01,  1.433415e+06,  2.537183e+00,  2.787115e+01,  0.000000e+00,  2.787115e+01,  1.500000e-04,  3.80937174e+00
  3.81051478e+00,  5.56948962e-06,  3.32631693e+00,           2,    1.420000e-02,  6.628443e+01,  6.628443e+01,  1.870806e+02,  2.012205e+01,  1.433324e+06,  2.529716e+00,  2.787154e+01,  0.000000e+00,  2.787154e+01,  1.500000e-04,  3.80938909e+00
  3.81053770e+00,  5.56954297e-06,  3.32632250e+00,           2,    1.420000e-02,  6.628359e+01,  6.628359e+01,  1.881806e+02,  2.012205e+01,  1.433234e+06,  2.522272e+00,  2.787193e+01,  0.000000e+00,  2.787193e+01,  1.500000e-04,  3.80940643e+00
  3.81056063e+00,  5.56959633e-06,  3.32632807e+00,           2,    1.420000e-02,  6.628276e+01,  6.628276e+01,  1.892871e+02,  2.012205e+01,  1.433143e+06,  2.514849e+00,  2.787233e+01,  0.000000e+00,  2.787233e+01,  1.500000e-04,  3.80942378e+00
  3.81058357e+00,  5.56964969e-06,  3.32633364e+00,           2,    1.420000e-02,  6.628192e+01,  6.628192e+01,  1.904001e+02,  2.012205e+01,  1.433052e+06,  2.507448e+00,  2.787272e+01,  0.000000e+00,  2.787272e+01,  1.500000e-04,  3.80944113e+00
  3.81060650e+00,  5.56970305e-06,  3.32633921e+00,           2,    1.420000e-02,  6.628109e+01,  6.628109e+01,  1.915196e+02,  2.012205e+01,  1.432961e+06,  2.500069e+00,  2.787311e+01,  0.000000e+00,  2.787311e+01,  1.500000e-04,  3.80945848e+00
  3.81062943e+00,  5.56975641e-06,  3.32634478e+00,           2,    1.420000e-02,  6.628025e+01,  6.628025e+01,  1.926457e+02,  2.012205e+01,  1.432870e+06,  2.492712e+00,  2.787350e+01,  0.000000e+00,  2.787350e+01,  1.500000e-04,  3.80947583e+00
  3.81065236e+00,  5.56980978e-06,  3.32635035e+00,           2,    1.420000e-02,  6.627941e+01,  6.627941e+01,  1.937785e+02,  2.012205e+01,  1.432780e+06,  2.485376e+00,  2.787389e+01,  0.000000e+00,  2.787389e+01,  1.500000e-04,  3.80949319e+00
  3.81067530e+00,  5.56986314e-06,  3.32635592e+00,           2,    1.420000e-02,  6.627858e+01,  6.627858e+01,  1.949179e+02,  2.012205e+01,  1.432689e+06,  2.478062e+00,  2.787428e+01,  0.000000e+00,  2.787428e+01,  1.500000e-04,  3.80951054e+00
  3.81069823e+00,  5.56991651e-06,  3.32636149e+00,           2,    1.420000e-02,  6.627774e+01,  6.627774e+01,  1.960640e+02,  2.012205e+01,  1.432598e+06,  2.470769e+00,  2.787467e+01,  0.000000e+00,  2.787467e+01,  1.500000e-04,  3.80952789e+00
  3.81072117e+00,  5.56996989e-06,  3.32636706e+00,           2,    1.420000e-02,  6.627691e+01,  6.627691e+01,  1.972169e+02,  2.012205e+01,  1.432507e+06,  2.463498e+00,  2.787506e+01,  0.000000e+00,  2.787506e+01,  1.500000e-04,  3.80954525e+00
  3.81074410e+00,  5.57002326e-06,  3.32637263e+00,           2,    1.420000e-02,  6.627607e+01,  6.627607e+01,  1.983765e+02,  2.012205e+01,  1.432417e+06,  2.456248e+00,  2.787546e+01,  0.000000e+00,  2.787546e+01,  1.500000e-04,  3.80956260e+00
  3.81076704e+00,  5.57007664e-06,  3.32637820e+00,           2,    1.420000e-02,  6.627524e+01,  6.627524e+01,  1.995430e+02,  2.012205e+01,  1.432326e+06,  2.449019e+00,  2.787585e+01,  0.000000e+00,  2.787585e+01,  1.500000e-04,  3.80957996e+00
  3.81078998e+00,  5.57013002e-06,  3.32638377e+00,           2,    1.420000e-02,  6.627440e+01,  6.627440e+01,  2.007164e+02,  2.012205e+01,  1.432235e+06,  2.441812e+00,  2.787624e+01,  0.000000e+00,  2.787624e+01,  1.500000e-04,  3.80959731e+00
  3.81081292e+00,  5.57018340e-06,  3.32638934e+00,           2,    1.420000e-02,  6.627357e+01,  6.627357e+01,  2.018966e+02,  2.012205e+01,  1.432144e+06,  2.434626e+00,  2.787663e+01,  0.000000e+00,  2.787663e+01,  1.500000e-04,  3.80961467e+00
  3.81083586e+00,  5.57023678e-06,  3.32639491e+00,           2,    1.420000e-02,  6.627273e+01,  6.627273e+01,  2.030838e+02,  2.012205e+01,  1.432054e+06,  2.427461e+00,  2.787702e+01,  0.000000e+00,  2.787702e+01,  1.500000e-04,  3.80963203e+00
  3.81085880e+00,  5.57029016e-06,  3.32640048e+00,           2,    1.420000e-02,  6.627189e+01,  6.627189e+01,  2.042780e+02,  2.012205e+01,  1.431963e+06,  2.420317e+00,  2.787741e+01,  0.000000e+00,  2.787741e+01,  1.500000e-04,  3.80964939e+00
  3.81088174e+00,  5.57034355e-06,  3.32640605e+00,           2,    1.420000e-02,  6.627106e+01,  6.627106e+01,  2.054792e+02,  2.012205e+01,  1.431872e+06,  2.413194e+00,  2.787780e+01,  0.000000e+00,  2.787780e+01,  1.500000e-04,  3.80966674e+00
  3.81090468e+00,  5.57039694e-06,  3.32641162e+00,           2,    1.420000e-02,  6.627022e+01,  6.627022e+01,  2.066874e+02,  2.012205e+01,  1.431781e+06,  2.406092e+00,  2.787819e+01,  0.000000e+00,  2.787819e+01,  1.500000e-04,  3.80968410e+00
  3.81092763e+00,  5.57045033e-06,  3.32641719e+00,           2,    1.420000e-02,  6.626939e+01,  6.626939e+01,  2.079028e+02,  2.012205e+01,  1.431691e+06,  2.399010e+00,  2.787859e+01,  0.000000e+00,  2.787859e+01,  1.500000e-04,  3.80970146e+00
  3.81095057e+00,  5.57050373e-06,  3.32642276e+00,           2,    1.420000e-02,  6.626855e+01,  6.626855e+01,  2.091253e+02,  2.012205e+01,  1.431600e+06,  2.391950e+00,  2.787898e+01,  0.000000e+00,  2.787898e+01,  1.500000e-04,  3.80971883e+00
  3.81097352e+00,  5.57055712e-06,  3.32642833e+00,           2,    1.420000e-02,  6.626772e+01,  6.626772e+01,  2.103550e+02,  2.012205e+01,  1.431509e+06,  2.384910e+00,  2.787937e+01,  0.000000e+00,  2.787937e+01,  1.500000e-04,  3.80973619e+00
  3.81099646e+00,  5.57061052e-06,  3.32643390e+00,           2,    1.420000e-02,  6.626688e+01,  6.626688e+01,  2.115920e+02,  2.012205e+01,  1.431419e+06,  2.377892e+00,  2.787976e+01,  0.000000e+00,  2.787976e+01,  1.500000e-04,  3.80975355e+00
  3.81101941e+00,  5.57066392e-06,  3.32643947e+00,           2,    1.420000e-02,  6.626605e+01,  6.626605e+01,  2.128362e+02,  2.012205e+01,  1.431328e+06,  2.370893e+00,  2.788015e+01,  0.000000e+00,  2.788015e+01,  1.500000e-04,  3.80977091e+00
  3.81104236e+00,  5.57071733e-06,  3.32644504e+00,           2,    1.420000e-02,  6.626521e+01,  6.626521e+01,  2.140878e+02,  2.012205e+01,  1.431237e+06,  2.363915e+00,  2.788054e+01,  0.000000e+00,  2.788054e+01,  1.500000e-04,  3.80978828e+00
  3.81106531e+00,  5.57077073e-06,  3.32645061e+00,           2,    1.420000e-02,  6.626437e+01,  6.626437e+01,  2.153467e+02,  2.012205e+01,  1.431147e+06,  2.356958e+00,  2.788093e+01,  0.000000e+00,  2.788093e+01,  1.500000e-04,  3.80980564e+00
  3.81108826e+00,  5.57082414e-06,  3.32645618e+00,           2,    1.420000e-02,  6.626354e+01,  6.626354e+01,  2.166131e+02,  2.012205e+01,  1.431056e+06,  2.350022e+00,  2.788132e+01,  0.000000e+00,  2.788132e+01,  1.500000e-04,  3.80982301e+00
  3.81111121e+00,  5.57087755e-06,  3.32646175e+00,           2,    1.420000e-02,  6.626270e+01,  6.626270e+01,  2.178868e+02,  2.012205e+01,  1.430965e+06,  2.343105e+00,  2.788171e+01,  0.000000e+00,  2.788171e+01,  1.500000e-04,  3.80984038e+00
  3.81113416e+00,  5.57093096e-06,  3.32646733e+00,           2,    1.420000e-02,  6.626187e+01,  6.626187e+01,  2.191681e+02,  2.012205e+01,  1.430875e+06,  2.336209e+00,  2.788210e+01,  0.000000e+00,  2.788210e+01,  1.500000e-04,  3.80985774e+00
  3.81115711e+00,  5.57098438e-06,  3.32647290e+00,           2,    1.420000e-02,  6.626103e+01,  6.626103e+01,  2.204569e+02,  2.012205e+01,  1.430784e+06,  2.329333e+00,  2.788249e+01,  0.000000e+00,  2.788249e+01,  1.500000e-04,  3.80987511e+00
  3.81118006e+00,  5.57103779e-06,  3.32647847e+00,           2,    1.420000e-02,  6.626020e+01,  6.626020e+01,  2.217533e+02,  2.012205e+01,  1.430693e+06,  2.322478e+00,  2.788288e+01,  0.000000e+00,  2.788288e+01,  1.500000e-04,  3.80989248e+00
  3.81120301e+00,  5.57109121e-06,  3.32648404e+00,           2,    1.420000e-02,  6.625936e+01,  6.625936e+01,  2.230574e+02,  2.012205e+01,  1.430603e+06,  2.315642e+00,  2.788328e+01,  0.000000e+00,  2.788328e+01,  1.500000e-04,  3.80990985e+00
  3.81122597e+00,  5.57114463e-06,  3.32648961e+00,           2,    1.420000e-02,  6.625852e+01,  6.625852e+01,  2.243691e+02,  2.012205e+01,  1.430512e+06,  2.308827e+00,  2.788367e+01,  0.000000e+00,  2.788367e+01,  1.500000e-04,  3.80992722e+00
  3.81124892e+00,  5.57119806e-06,  3.32649518e+00,           2,    1.420000e-02,  6.625769e+01,  6.625769e+01,  2.256885e+02,  2.012205e+01,  1.430421e+06,  2.302032e+00,  2.788406e+01,  0.000000e+00,  2.788406e+01,  1.500000e-04,  3.80994459e+00
  3.81127188e+00,  5.57125148e-06,  3.32650075e+00,           2,    1.420000e-02,  6.625685e+01,  6.625685e+01,  2.270157e+02,  2.012205e+01,  1.430331e+06,  2.295256e+00,  2.788445e+01,  0.000000e+00,  2.788445e+01,  1.500000e-04,  3.80996196e+00
  3.81129484e+00,  5.57130491e-06,  3.32650632e+00,           2,    1.420000e-02,  6.625602e+01,  6.625602e+01,  2.283507e+02,  2.012205e+01,  1.430240e+06,  2.288501e+00,  2.788484e+01,  0.000000e+00,  2.788484e+01,  1.500000e-04,  3.80997933e+00
  3.81131779e+00,  5.57135834e-06,  3.32651189e+00,           2,    1.420000e-02,  6.625518e+01,  6.625518e+01,  2.296935e+02,  2.012205e+01,  1.430150e+06,  2.281765e+00,  2.788523e+01,  0.000000e+00,  2.788523e+01,  1.500000e-04,  3.80999671e+00
  3.81134075e+00,  5.57141177e-06,  3.32651747e+00,           2,    1.420000e-02,  6.625435e+01,  6.625435e+01,  2.310443e+02,  2.012205e+01,  1.430059e+06,  2.275050e+00,  2.788562e+01,  0.000000e+00,  2.788562e+01,  1.500000e-04,  3.81001408e+00
  3.81136371e+00,  5.57146521e-06,  3.32652304e+00,           2,    1.420000e-02,  6.625351e+01,  6.625351e+01,  2.324030e+02,  2.012205e+01,  1.429968e+06,  2.268354e+00,  2.788601e+01,  0.000000e+00,  2.788601e+01,  1.500000e-04,  3.81003146e+00
  3.81138667e+00,  5.57151864e-06,  3.32652861e+00,           2,    1.420000e-02,  6.625267e+01,  6.625267e+01,  2.337697e+02,  2.012205e+01,  1.429878e+06,  2.261677e+00,  2.788640e+01,  0.000000e+00,  2.788640e+01,  1.500000e-04,  3.81004883e+00
  3.81140963e+00,  5.57157208e-06,  3.32653418e+00,           2,    1.420000e-02,  6.625184e+01,  6.625184e+01,  2.351444e+02,  2.012205e+01,  1.429787e+06,  2.255021e+00,  2.788679e+01,  0.000000e+00,  2.788679e+01,  1.500000e-04,  3.81006621e+00
  3.81143260e+00,  5.57162552e-06,  3.32653975e+00,           2,    1.420000e-02,  6.625100e+01,  6.625100e+01,  2.365273e+02,  2.012205e+01,  1.429697e+06,  2.248383e+00,  2.788718e+01,  0.000000e+00,  2.788718e+01,  1.500000e-04,  3.81008358e+00
  3.81145556e+00,  5.57167897e-06,  3.32654532e+00,           2,    1.420000e-02,  6.625017e+01,  6.625017e+01,  2.379182e+02,  2.012205e+01,  1.429606e+06,  2.241766e+00,  2.788757e+01,  0.000000e+00,  2.788757e+01,  1.500000e-04,  3.81010096e+00
  3.81147852e+00,  5.57173241e-06,  3.32655090e+00,           2,    1.420000e-02,  6.624933e+01,  6.624933e+01,  2.393174e+02,  2.012205e+01,  1.429516e+06,  2.235168e+00,  2.788796e+01,  0.000000e+00,  2.788796e+01,  1.500000e-04,  3.81011834e+00
  3.81150149e+00,  5.57178586e-06,  3.32655647e+00,           2,    1.420000e-02,  6.624850e+01,  6.624850e+01,  2.407248e+02,  2.012205e+01,  1.429425e+06,  2.228589e+00,  2.788835e+01,  0.000000e+00,  2.788835e+01,  1.500000e-04,  3.81013572e+00
  3.81152445e+00,  5.57183931e-06,  3.32656204e+00,           2,    1.420000e-02,  6.624766e+01,  6.624766e+01,  2.421404e+02,  2.012205e+01,  1.429335e+06,  2.222029e+00,  2.788874e+01,  0.000000e+00,  2.788874e+01,  1.500000e-04,  3.81015310e+00
  3.81154742e+00,  5.57189276e-06,  3.32656761e+00,           2,    1.420000e-02,  6.624682e+01,  6.624682e+01,  2.435645e+02,  2.012205e+01,  1.429244e+06,  2.215489e+00,  2.788913e+01,  0.000000e+00,  2.788913e+01,  1.500000e-04,  3.81017048e+00
  3.81157038e+00,  5.57194622e-06,  3.32657318e+00,           2,    1.420000e-02,  6.624599e+01,  6.624599e+01,  2.449968e+02,  2.012205e+01,  1.429154e+06,  2.208968e+00,  2.788952e+01,  0.000000e+00,  2.788952e+01,  1.500000e-04,  3.81018786e+00
  3.81159335e+00,  5.57199967e-06,  3.32657876e+00,           2,    1.420000e-02,  6.624515e+01,  6.624515e+01,  2.464376e+02,  2.012205e+01,  1.429063e+06,  2.202467e+00,  2.788991e+01,  0.000000e+00,  2.788991e+01,  1.500000e-04,  3.81020524e+00
  3.81161632e+00,  5.57205313e-06,  3.32658433e+00,           2,    1.420000e-02,  6.624432e+01,  6.624432e+01,  2.478869e+02,  2.012205e+01,  1.428973e+06,  2.195984e+00,  2.789030e+01,  0.000000e+00,  2.789030e+01,  1.500000e-04,  3.81022262e+00
  3.81163929e+00,  5.57210659e-06,  3.32658990e+00,           2,    1.420000e-02,  6.624348e+01,  6.624348e+01,  2.493448e+02,  2.012205e+01,  1.428882e+06,  2.189520e+00,  2.789069e+01,  0.000000e+00,  2.789069e+01,  1.500000e-04,  3.81024001e+00
  3.81166226e+00,  5.57216006e-06,  3.32659547e+00,           2,    1.420000e-02,  6.624265e+01,  6.624265e+01,  2.508112e+02,  2.012205e+01,  1.428792e+06,  2.183076e+00,  2.789108e+01,  0.000000e+00,  2.789108e+01,  1.500000e-04,  3.81025739e+00
  3.81168523e+00,  5.57221352e-06,  3.32660104e+00,           2,    1.420000e-02,  6.624181e+01,  6.624181e+01,  2.522862e+02,  2.012205e+01,  1.428701e+06,  2.176650e+00,  2.789147e+01,  0.000000e+00,  2.789147e+01,  1.500000e-04,  3.81027478e+00
  3.81170820e+00,  5.57226699e-06,  3.32660662e+00,           2,    1.420000e-02,  6.624097e+01,  6.624097e+01,  2.537699e+02,  2.012205e+01,  1.428611e+06,  2.170243e+00,  2.789186e+01,  0.000000e+00,  2.789186e+01,  1.500000e-04,  3.81029216e+00
  3.81173118e+00,  5.57232046e-06,  3.32661219e+00,           2,    1.420000e-02,  6.624014e+01,  6.624014e+01,  2.552623e+02,  2.012205e+01,  1.428520e+06,  2.163855e+00,  2.789225e+01,  0.000000e+00,  2.789225e+01,  1.500000e-04,  3.81030955e+00
  3.81175415e+00,  5.57237393e-06,  3.32661776e+00,           2,    1.420000e-02,  6.623930e+01,  6.623930e+01,  2.567636e+02,  2.012205e+01,  1.428430e+06,  2.157486e+00,  2.789264e+01,  0.000000e+00,  2.789264e+01,  1.500000e-04,  3.81032694e+00
  3.81177712e+00,  5.57242741e-06,  3.32662333e+00,           2,    1.420000e-02,  6.623847e+01,  6.623847e+01,  2.582736e+02,  2.012205e+01,  1.428339e+06,  2.151136e+00,  2.789303e+01,  0.000000e+00,  2.789303e+01,  1.500000e-04,  3.81034432e+00
  3.81180010e+00,  5.57248088e-06,  3.32662891e+00,           2,    1.420000e-02,  6.623763e+01,  6.623763e+01,  2.597926e+02,  2.012205e+01,  1.428249e+06,  2.144804e+00,  2.789342e+01,  0.000000e+00,  2.789342e+01,  1.500000e-04,  3.81036171e+00
  3.81182308e+00,  5.57253436e-06,  3.32663448e+00,           2,    1.420000e-02,  6.623679e+01,  6.623679e+01,  2.613205e+02,  2.012205e+01,  1.428158e+06,  2.138491e+00,  2.789381e+01,  0.000000e+00,  2.789381e+01,  1.500000e-04,  3.81037910e+00
  3.81184605e+00,  5.57258785e-06,  3.32664005e+00,           2,    1.420000e-02,  6.623596e+01,  6.623596e+01,  2.628573e+02,  2.012205e+01,  1.428068e+06,  2.132196e+00,  2.789420e+01,  0.000000e+00,  2.789420e+01,  1.500000e-04,  3.81039649e+00
  3.81186903e+00,  5.57264133e-06,  3.32664562e+00,           2,    1.420000e-02,  6.623512e+01,  6.623512e+01,  2.644032e+02,  2.012205e+01,  1.427977e+06,  2.125920e+00,  2.789459e+01,  0.000000e+00,  2.789459e+01,  1.500000e-04,  3.81041388e+00
  3.81189201e+00,  5.57269481e-06,  3.32665120e+00,           2,    1.420000e-02,  6.623429e+01,  6.623429e+01,  2.659583e+02,  2.012205e+01,  1.427887e+06,  2.119662e+00,  2.789498e+01,  0.000000e+00,  2.789498e+01,  1.500000e-04,  3.81043127e+00
  3.81191499e+00,  5.57274830e-06,  3.32665677e+00,           2,    1.420000e-02,  6.623345e+01,  6.623345e+01,  2.675224e+02,  2.012205e+01,  1.427797e+06,  2.113423e+00,  2.789537e+01,  0.000000e+00,  2.789537e+01,  1.500000e-04,  3.81044867e+00
  3.81193797e+00,  5.57280179e-06,  3.32666234e+00,           2,    1.420000e-02,  6.623261e+01,  6.623261e+01,  2.690958e+02,  2.012205e+01,  1.427706e+06,  2.107202e+00,  2.789576e+01,  0.000000e+00,  2.789576e+01,  1.500000e-04,  3.81046606e+00
  3.81196095e+00,  5.57285529e-06,  3.32666791e+00,           2,    1.420000e-02,  6.623178e+01,  6.623178e+01,  2.706785e+02,  2.012205e+01,  1.427616e+06,  2.101000e+00,  2.789615e+01,  0.000000e+00,  2.789615e+01,  1.500000e-04,  3.81048345e+00
  3.81198393e+00,  5.57290878e-06,  3.32667349e+00,           2,    1.420000e-02,  6.623094e+01,  6.623094e+01,  2.722704e+02,  2.012205e+01,  1.427525e+06,  2.094815e+00,  2.789654e+01,  0.000000e+00,  2.789654e+01,  1.500000e-04,  3.81050085e+00
  3.81200692e+00,  5.57296228e-06,  3.32667906e+00,           2,    1.420000e-02,  6.623011e+01,  6.623011e+01,  2.738717e+02,  2.012205e+01,  1.427435e+06,  2.088649e+00,  2.789693e+01,  0.000000e+00,  2.789693e+01,  1.500000e-04,  3.81051824e+00
  3.81202990e+00,  5.57301578e-06,  3.32668463e+00,           2,    1.420000e-02,  6.622927e+01,  6.622927e+01,  2.754825e+02,  2.012205e+01,  1.427344e+06,  2.082501e+00,  2.789732e+01,  0.000000e+00,  2.789732e+01,  1.500000e-04,  3.81053564e+00
  3.81205288e+00,  5.57306928e-06,  3.32669021e+00,           2,    1.420000e-02,  6.622844e+01,  6.622844e+01,  2.771027e+02,  2.012205e+01,  1.427254e+06,  2.076371e+00,  2.789771e+01,  0.000000e+00,  2.789771e+01,  1.500000e-04,  3.81055303e+00
  3.81207587e+00,  5.57312278e-06,  3.32669578e+00,           2,    1.420000e-02,  6.622760e+01,  6.622760e+01,  2.787325e+02,  2.012205e+01,  1.427164e+06,  2.070259e+00,  2.789810e+01,  0.000000e+00,  2.789810e+01,  1.500000e-04,  3.81057043e+00
  3.81209886e+00,  5.57317629e-06,  3.32670135e+00,           2,    1.420000e-02,  6.622676e+01,  6.622676e+01,  2.803718e+02,  2.012205e+01,  1.427073e+06,  2.064165e+00,  2.789849e+01,  0.000000e+00,  2.789849e+01,  1.500000e-04,  3.81058783e+00
  3.81212184e+00,  5.57322980e-06,  3.32670693e+00,           2,    1.420000e-02,  6.622593e+01,  6.622593e+01,  2.820208e+02,  2.012205e+01,  1.426983e+06,  2.058089e+00,  2.789887e+01,  0.000000e+00,  2.789887e+01,  1.500000e-04,  3.81060523e+00
  3.81214483e+00,  5.57328331e-06,  3.32671250e+00,           2,    1.420000e-02,  6.622509e+01,  6.622509e+01,  2.836795e+02,  2.012205e+01,  1.426893e+06,  2.052031e+00,  2.789926e+01,  0.000000e+00,  2.789926e+01,  1.500000e-04,  3.81062263e+00
  3.81216782e+00,  5.57333682e-06,  3.32671807e+00,           2,    1.420000e-02,  6.622426e+01,  6.622426e+01,  2.853480e+02,  2.012205e+01,  1.426802e+06,  2.045990e+00,  2.789965e+01,  0.000000e+00,  2.789965e+01,  1.500000e-04,  3.81064003e+00
  3.81219081e+00,  5.57339033e-06,  3.32672365e+00,           2,    1.420000e-02,  6.622342e+01,  6.622342e+01,  2.870263e+02,  2.012205e+01,  1.426712e+06,  2.039968e+00,  2.790004e+01,  0.000000e+00,  2.790004e+01,  1.500000e-04,  3.81065743e+00
  3.81221380e+00,  5.57344385e-06,  3.32672922e+00,           2,    1.420000e-02,  6.622258e+01,  6.622258e+01,  2.887144e+02,  2.012205e+01,  1.426622e+06,  2.033963e+00,  2.790043e+01,  0.000000e+00,  2.790043e+01,  1.500000e-04,  3.81067483e+00
  3.81223679e+00,  5.57349737e-06,  3.32673479e+00,           2,    1.420000e-02,  6.622175e+01,  6.622175e+01,  2.904125e+02,  2.012205e+01,  1.426531e+06,  2.027975e+00,  2.790082e+01,  0.000000e+00,  2.790082e+01,  1.500000e-04,  3.81069223e+00
  3.81225978e+00,  5.57355089e-06,  3.32674037e+00,           2,    1.420000e-02,  6.622091e+01,  6.622091e+01,  2.921206e+02,  2.012205e+01,  1.426441e+06,  2.022006e+00,  2.790121e+01,  0.000000e+00,  2.790121e+01,  1.500000e-04,  3.81070964e+00
  3.81228278e+00,  5.57360442e-06,  3.32674594e+00,           2,    1.420000e-02,  6.622008e+01,  6.622008e+01,  2.938388e+02,  2.012205e+01,  1.426351e+06,  2.016053e+00,  2.790160e+01,  0.000000e+00,  2.790160e+01,  1.500000e-04,  3.81072704e+00
  3.81230577e+00,  5.57365794e-06,  3.32675151e+00,           2,    1.420000e-02,  6.621924e+01,  6.621924e+01,  2.955670e+02,  2.012205e+01,  1.426260e+06,  2.010119e+00,  2.790199e+01,  0.000000e+00,  2.790199e+01,  1.500000e-04,  3.81074444e+00
  3.81232876e+00,  5.57371147e-06,  3.32675709e+00,           2,    1.420000e-02,  6.621840e+01,  6.621840e+01,  2.973055e+02,  2.012205e+01,  1.426170e+06,  2.004201e+00,  2.790238e+01,  0.000000e+00,  2.790238e+01,  1.500000e-04,  3.81076185e+00
  3.81235176e+00,  5.57376500e-06,  3.32676266e+00,           2,    1.420000e-02,  6.621757e+01,  6.621757e+01,  2.990541e+02,  2.012205e+01,  1.426080e+06,  1.998302e+00,  2.790277e+01,  0.000000e+00,  2.790277e+01,  1.500000e-04,  3.81077926e+00
  3.81237476e+00,  5.57381854e-06,  3.32676823e+00,           2,    1.420000e-02,  6.621673e+01,  6.621673e+01,  3.008131e+02,  2.012205e+01,  1.425989e+06,  1.992419e+00,  2.790316e+01,  0.000000e+00,  2.790316e+01,  1.500000e-04,  3.81079666e+00
  3.81239775e+00,  5.57387207e-06,  3.32677381e+00,           2,    1.420000e-02,  6.621589e+01,  6.621589e+01,  3.025824e+02,  2.012205e+01,  1.425899e+06,  1.986554e+00,  2.790354e+01,  0.000000e+00,  2.790354e+01,  1.500000e-04,  3.81081407e+00
  3.81242075e+00,  5.57392561e-06,  3.32677938e+00,           2,    1.420000e-02,  6.621506e+01,  6.621506e+01,  3.043621e+02,  2.012205e+01,  1.425809e+06,  1.980706e+00,  2.790393e+01,  0.000000e+00,  2.790393e+01,  1.500000e-04,  3.81083148e+00
  3.81244375e+00,  5.57397915e-06,  3.32678496e+00,           2,    1.420000e-02,  6.621422e+01,  6.621422e+01,  3.061523e+02,  2.012205e+01,  1.425719e+06,  1.974875e+00,  2.790432e+01,  0.000000e+00,  2.790432e+01,  1.500000e-04,  3.81084889e+00
  3.81246675e+00,  5.57403269e-06,  3.32679053e+00,           2,    1.420000e-02,  6.621339e+01,  6.621339e+01,  3.079531e+02,  2.012205e+01,  1.425628e+06,  1.969062e+00,  2.790471e+01,  0.000000e+00,  2.790471e+01,  1.500000e-04,  3.81086630e+00
  3.81248975e+00,  5.57408623e-06,  3.32679610e+00,           2,    1.420000e-02,  6.621255e+01,  6.621255e+01,  3.097644e+02,  2.012205e+01,  1.425538e+06,  1.963265e+00,  2.790510e+01,  0.000000e+00,  2.790510e+01,  1.500000e-04,  3.81088371e+00
  3.81251275e+00,  5.57413978e-06,  3.32680168e+00,           2,    1.420000e-02,  6.621171e+01,  6.621171e+01,  3.115864e+02,  2.012205e+01,  1.425448e+06,  1.957486e+00,  2.790549e+01,  0.000000e+00,  2.790549e+01,  1.500000e-04,  3.81090112e+00
  3.81253575e+00,  5.57419333e-06,  3.32680725e+00,           2,    1.420000e-02,  6.621088e+01,  6.621088e+01,  3.134191e+02,  2.012205e+01,  1.425358e+06,  1.951723e+00,  2.790588e+01,  0.000000e+00,  2.790588e+01,  1.500000e-04,  3.81091853e+00
  3.81255876e+00,  5.57424688e-06,  3.32681283e+00,           2,    1.420000e-02,  6.621004e+01,  6.621004e+01,  3.152626e+02,  2.012205e+01,  1.425267e+06,  1.945978e+00,  2.790627e+01,  0.000000e+00,  2.790627e+01,  1.500000e-04,  3.81093594e+00
  3.81258176e+00,  5.57430043e-06,  3.32681840e+00,           2,    1.420000e-02,  6.620921e+01,  6.620921e+01,  3.171170e+02,  2.012205e+01,  1.425177e+06,  1.940249e+00,  2.790666e+01,  0.000000e+00,  2.790666e+01,  1.500000e-04,  3.81095336e+00
  3.81260477e+00,  5.57435399e-06,  3.32682398e+00,           2,    1.420000e-02,  6.620837e+01,  6.620837e+01,  3.189822e+02,  2.012205e+01,  1.425087e+06,  1.934537e+00,  2.790704e+01,  0.000000e+00,  2.790704e+01,  1.500000e-04,  3.81097077e+00
  3.81262777e+00,  5.57440754e-06,  3.32682955e+00,           2,    1.420000e-02,  6.620753e+01,  6.620753e+01,  3.208585e+02,  2.012205e+01,  1.424997e+06,  1.928842e+00,  2.790743e+01,  0.000000e+00,  2.790743e+01,  1.500000e-04,  3.81098819e+00
  3.81265078e+00,  5.57446110e-06,  3.32683512e+00,           2,    1.420000e-02,  6.620670e+01,  6.620670e+01,  3.227458e+02,  2.012205e+01,  1.424906e+06,  1.923164e+00,  2.790782e+01,  0.000000e+00,  2.790782e+01,  1.500000e-04,  3.81100560e+00
  3.81267379e+00,  5.57451467e-06,  3.32684070e+00,           2,    1.420000e-02,  6.620586e+01,  6.620586e+01,  3.246442e+02,  2.012205e+01,  1.424816e+06,  1.917502e+00,  2.790821e+01,  0.000000e+00,  2.790821e+01,  1.500000e-04,  3.81102302e+00
  3.81269679e+00,  5.57456823e-06,  3.32684627e+00,           2,    1.420000e-02,  6.620503e+01,  6.620503e+01,  3.265538e+02,  2.012205e+01,  1.424726e+06,  1.911857e+00,  2.790860e+01,  0.000000e+00,  2.790860e+01,  1.500000e-04,  3.81104043e+00
  3.81271980e+00,  5.57462180e-06,  3.32685185e+00,           2,    1.420000e-02,  6.620419e+01,  6.620419e+01,  3.284746e+02,  2.012205e+01,  1.424636e+06,  1.906229e+00,  2.790899e+01,  0.000000e+00,  2.790899e+01,  1.500000e-04,  3.81105785e+00
  3.81274281e+00,  5.57467537e-06,  3.32685742e+00,           2,    1.420000e-02,  6.620335e+01,  6.620335e+01,  3.304067e+02,  2.012205e+01,  1.424546e+06,  1.900617e+00,  2.790938e+01,  0.000000e+00,  2.790938e+01,  1.500000e-04,  3.81107527e+00
  3.81276582e+00,  5.57472894e-06,  3.32686300e+00,           2,    1.420000e-02,  6.620252e+01,  6.620252e+01,  3.323502e+02,  2.012205e+01,  1.424456e+06,  1.895022e+00,  2.790976e+01,  0.000000e+00,  2.790976e+01,  1.500000e-04,  3.81109269e+00
  3.81278884e+00,  5.57478251e-06,  3.32686857e+00,           2,    1.420000e-02,  6.620168e+01,  6.620168e+01,  3.343051e+02,  2.012205e+01,  1.424365e+06,  1.889443e+00,  2.791015e+01,  0.000000e+00,  2.791015e+01,  1.500000e-04,  3.81111011e+00
  3.81281185e+00,  5.57483609e-06,  3.32687415e+00,           2,    1.420000e-02,  6.620084e+01,  6.620084e+01,  3.362716e+02,  2.012205e+01,  1.424275e+06,  1.883881e+00,  2.791054e+01,  0.000000e+00,  2.791054e+01,  1.500000e-04,  3.81112753e+00
  3.81283486e+00,  5.57488966e-06,  3.32687972e+00,           2,    1.420000e-02,  6.620001e+01,  6.620001e+01,  3.382496e+02,  2.012205e+01,  1.424185e+06,  1.878335e+00,  2.791093e+01,  0.000000e+00,  2.791093e+01,  1.500000e-04,  3.81114495e+00
  3.81285787e+00,  5.57494324e-06,  3.32688530e+00,           2,    1.420000e-02,  6.619917e+01,  6.619917e+01,  3.402392e+02,  2.012205e+01,  1.424095e+06,  1.872805e+00,  2.791132e+01,  0.000000e+00,  2.791132e+01,  1.500000e-04,  3.81116238e+00
  3.81288089e+00,  5.57499683e-06,  3.32689087e+00,           2,    1.420000e-02,  6.619834e+01,  6.619834e+01,  3.422406e+02,  2.012205e+01,  1.424005e+06,  1.867291e+00,  2.791171e+01,  0.000000e+00,  2.791171e+01,  1.500000e-04,  3.81117980e+00
  3.81290391e+00,  5.57505041e-06,  3.32689645e+00,           2,    1.420000e-02,  6.619750e+01,  6.619750e+01,  3.442538e+02,  2.012205e+01,  1.423915e+06,  1.861794e+00,  2.791209e+01,  0.000000e+00,  2.791209e+01,  1.500000e-04,  3.81119722e+00
  3.81292692e+00,  5.57510400e-06,  3.32690202e+00,           2,    1.420000e-02,  6.619666e+01,  6.619666e+01,  3.462788e+02,  2.012205e+01,  1.423824e+06,  1.856313e+00,  2.791248e+01,  0.000000e+00,  2.791248e+01,  1.500000e-04,  3.81121465e+00
  3.81294994e+00,  5.57515759e-06,  3.32690760e+00,           2,    1.420000e-02,  6.619583e+01,  6.619583e+01,  3.483157e+02,  2.012205e+01,  1.423734e+06,  1.850848e+00,  2.791287e+01,  0.000000e+00,  2.791287e+01,  1.500000e-04,  3.81123207e+00
  3.81297296e+00,  5.57521118e-06,  3.32691317e+00,           2,    1.420000e-02,  6.619499e+01,  6.619499e+01,  3.503646e+02,  2.012205e+01,  1.423644e+06,  1.845399e+00,  2.791326e+01,  0.000000e+00,  2.791326e+01,  1.500000e-04,  3.81124950e+00
  3.81299598e+00,  5.57526477e-06,  3.32691875e+00,           2,    1.420000e-02,  6.619415e+01,  6.619415e+01,  3.524256e+02,  2.012205e+01,  1.423554e+06,  1.839966e+00,  2.791365e+01,  0.000000e+00,  2.791365e+01,  1.500000e-04,  3.81126692e+00
  3.81301900e+00,  5.57531837e-06,  3.32692432e+00,           2,    1.420000e-02,  6.619332e+01,  6.619332e+01,  3.544987e+02,  2.012205e+01,  1.423464e+06,  1.834549e+00,  2.791403e+01,  0.000000e+00,  2.791403e+01,  1.500000e-04,  3.81128435e+00
  3.81304202e+00,  5.57537196e-06,  3.32692990e+00,           2,    1.420000e-02,  6.619248e+01,  6.619248e+01,  3.565840e+02,  2.012205e+01,  1.423374e+06,  1.829148e+00,  2.791442e+01,  0.000000e+00,  2.791442e+01,  1.500000e-04,  3.81130178e+00
  3.81306504e+00,  5.57542556e-06,  3.32693547e+00,           2,    1.420000e-02,  6.619164e+01,  6.619164e+01,  3.586816e+02,  2.012205e+01,  1.423284e+06,  1.823763e+00,  2.791481e+01,  0.000000e+00,  2.791481e+01,  1.500000e-04,  3.81131921e+00
  3.81308806e+00,  5.57547917e-06,  3.32694105e+00,           2,    1.420000e-02,  6.619081e+01,  6.619081e+01,  3.607915e+02,  2.012205e+01,  1.423194e+06,  1.818393e+00,  2.791520e+01,  0.000000e+00,  2.791520e+01,  1.500000e-04,  3.81133664e+00
  3.81311109e+00,  5.57553277e-06,  3.32694663e+00,           2,    1.420000e-02,  6.618997e+01,  6.618997e+01,  3.629138e+02,  2.012205e+01,  1.423104e+06,  1.813040e+00,  2.791559e+01,  0.000000e+00,  2.791559e+01,  1.500000e-04,  3.81135407e+00
  3.81313411e+00,  5.57558638e-06,  3.32695220e+00,           2,    1.420000e-02,  6.618914e+01,  6.618914e+01,  3.650487e+02,  2.012205e+01,  1.423014e+06,  1.807702e+00,  2.791598e+01,  0.000000e+00,  2.791598e+01,  1.500000e-04,  3.81137150e+00
  3.81315713e+00,  5.57563999e-06,  3.32695778e+00,           2,    1.420000e-02,  6.618830e+01,  6.618830e+01,  3.671961e+02,  2.012205e+01,  1.422923e+06,  1.802380e+00,  2.791636e+01,  0.000000e+00,  2.791636e+01,  1.500000e-04,  3.81138893e+00
  3.81318016e+00,  5.57569360e-06,  3.32696335e+00,           2,    1.420000e-02,  6.618746e+01,  6.618746e+01,  3.693561e+02,  2.012205e+01,  1.422833e+06,  1.797074e+00,  2.791675e+01,  0.000000e+00,  2.791675e+01,  1.500000e-04,  3.81140636e+00
  3.81320319e+00,  5.57574721e-06,  3.32696893e+00,           2,    1.420000e-02,  6.618663e+01,  6.618663e+01,  3.715289e+02,  2.012205e+01,  1.422743e+06,  1.791783e+00,  2.791714e+01,  0.000000e+00,  2.791714e+01,  1.500000e-04,  3.81142380e+00
  3.81322621e+00,  5.57580083e-06,  3.32697450e+00,           2,    1.420000e-02,  6.618579e+01,  6.618579e+01,  3.737144e+02,  2.012205e+01,  1.422653e+06,  1.786507e+00,  2.791753e+01,  0.000000e+00,  2.791753e+01,  1.500000e-04,  3.81144123e+00
  3.81324924e+00,  5.57585445e-06,  3.32698008e+00,           2,    1.420000e-02,  6.618495e+01,  6.618495e+01,  3.759129e+02,  2.012205e+01,  1.422563e+06,  1.781248e+00,  2.791791e+01,  0.000000e+00,  2.791791e+01,  1.500000e-04,  3.81145867e+00
  3.81327227e+00,  5.57590807e-06,  3.32698566e+00,           2,    1.420000e-02,  6.618412e+01,  6.618412e+01,  3.781242e+02,  2.012205e+01,  1.422473e+06,  1.776003e+00,  2.791830e+01,  0.000000e+00,  2.791830e+01,  1.500000e-04,  3.81147610e+00
  3.81329530e+00,  5.57596169e-06,  3.32699123e+00,           2,    1.420000e-02,  6.618328e+01,  6.618328e+01,  3.803486e+02,  2.012205e+01,  1.422383e+06,  1.770774e+00,  2.791869e+01,  0.000000e+00,  2.791869e+01,  1.500000e-04,  3.81149354e+00
  3.81331833e+00,  5.57601532e-06,  3.32699681e+00,           2,    1.420000e-02,  6.618244e+01,  6.618244e+01,  3.825861e+02,  2.012205e+01,  1.422293e+06,  1.765561e+00,  2.791908e+01,  0.000000e+00,  2.791908e+01,  1.500000e-04,  3.81151097e+00
  3.81334137e+00,  5.57606894e-06,  3.32700238e+00,           2,    1.420000e-02,  6.618161e+01,  6.618161e+01,  3.848367e+02,  2.012205e+01,  1.422203e+06,  1.760363e+00,  2.791947e+01,  0.000000e+00,  2.791947e+01,  1.500000e-04,  3.81152841e+00
  3.81336440e+00,  5.57612257e-06,  3.32700796e+00,           2,    1.420000e-02,  6.618077e+01,  6.618077e+01,  3.871006e+02,  2.012205e+01,  1.422113e+06,  1.755180e+00,  2.791985e+01,  0.000000e+00,  2.791985e+01,  1.500000e-04,  3.81154585e+00
  3.81338743e+00,  5.57617620e-06,  3.32701354e+00,           2,    1.420000e-02,  6.617994e+01,  6.617994e+01,  3.893778e+02,  2.012205e+01,  1.422023e+06,  1.750012e+00,  2.792024e+01,  0.000000e+00,  2.792024e+01,  1.500000e-04,  3.81156329e+00
  3.81341047e+00,  5.57622984e-06,  3.32701911e+00,           2,    1.420000e-02,  6.617910e+01,  6.617910e+01,  3.916685e+02,  2.012205e+01,  1.421933e+06,  1.744860e+00,  2.792063e+01,  0.000000e+00,  2.792063e+01,  1.500000e-04,  3.81158073e+00
  3.81343350e+00,  5.57628347e-06,  3.32702469e+00,           2,    1.420000e-02,  6.617826e+01,  6.617826e+01,  3.939726e+02,  2.012205e+01,  1.421843e+06,  1.739722e+00,  2.792102e+01,  0.000000e+00,  2.792102e+01,  1.500000e-04,  3.81159817e+00
  3.81345654e+00,  5.57633711e-06,  3.32703026e+00,           2,    1.420000e-02,  6.617743e+01,  6.617743e+01,  3.962902e+02,  2.012205e+01,  1.421753e+06,  1.734600e+00,  2.792140e+01,  0.000000e+00,  2.792140e+01,  1.500000e-04,  3.81161561e+00
  3.81347957e+00,  5.57639075e-06,  3.32703584e+00,           2,    1.420000e-02,  6.617659e+01,  6.617659e+01,  3.986216e+02,  2.012205e+01,  1.421663e+06,  1.729493e+00,  2.792179e+01,  0.000000e+00,  2.792179e+01,  1.500000e-04,  3.81163305e+00
  3.81350261e+00,  5.57644440e-06,  3.32704142e+00,           2,    1.420000e-02,  6.617575e+01,  6.617575e+01,  4.009666e+02,  2.012205e+01,  1.421573e+06,  1.724401e+00,  2.792218e+01,  0.000000e+00,  2.792218e+01,  1.500000e-04,  3.81165050e+00
  3.81352565e+00,  5.57649804e-06,  3.32704699e+00,           2,    1.420000e-02,  6.617492e+01,  6.617492e+01,  4.033254e+02,  2.012205e+01,  1.421483e+06,  1.719324e+00,  2.792257e+01,  0.000000e+00,  2.792257e+01,  1.500000e-04,  3.81166794e+00
  3.81354869e+00,  5.57655169e-06,  3.32705257e+00,           2,    1.420000e-02,  6.617408e+01,  6.617408e+01,  4.056982e+02,  2.012205e+01,  1.421393e+06,  1.714261e+00,  2.792295e+01,  0.000000e+00,  2.792295e+01,  1.500000e-04,  3.81168539e+00
  3.81357173e+00,  5.57660534e-06,  3.32705815e+00,           2,    1.420000e-02,  6.617324e+01,  6.617324e+01,  4.080849e+02,  2.012205e+01,  1.421303e+06,  1.709214e+00,  2.792334e+01,  0.000000e+00,  2.792334e+01,  1.500000e-04,  3.81170283e+00
  3.81359477e+00,  5.57665899e-06,  3.32706372e+00,           2,    1.420000e-02,  6.617241e+01,  6.617241e+01,  4.104856e+02,  2.012205e+01,  1.421213e+06,  1.704182e+00,  2.792373e+01,  0.000000e+00,  2.792373e+01,  1.500000e-04,  3.81172028e+00
  3.81361781e+00,  5.57671264e-06,  3.32706930e+00,           2,    1.420000e-02,  6.617157e+01,  6.617157e+01,  4.129005e+02,  2.012205e+01,  1.421124e+06,  1.699164e+00,  2.792411e+01,  0.000000e+00,  2.792411e+01,  1.500000e-04,  3.81173772e+00
  3.81364086e+00,  5.57676630e-06,  3.32707488e+00,           2,    1.420000e-02,  6.617073e+01,  6.617073e+01,  4.153296e+02,  2.012205e+01,  1.421034e+06,  1.694161e+00,  2.792450e+01,  0.000000e+00,  2.792450e+01,  1.500000e-04,  3.81175517e+00
  3.81366390e+00,  5.57681996e-06,  3.32708045e+00,           2,    1.420000e-02,  6.616990e+01,  6.616990e+01,  4.177730e+02,  2.012205e+01,  1.420944e+06,  1.689173e+00,  2.792489e+01,  0.000000e+00,  2.792489e+01,  1.500000e-04,  3.81177262e+00
  3.81368694e+00,  5.57687362e-06,  3.32708603e+00,           2,    1.420000e-02,  6.616906e+01,  6.616906e+01,  4.202308e+02,  2.012205e+01,  1.420854e+06,  1.684199e+00,  2.792528e+01,  0.000000e+00,  2.792528e+01,  1.500000e-04,  3.81179007e+00
  3.81370999e+00,  5.57692728e-06,  3.32709161e+00,           2,    1.420000e-02,  6.616822e+01,  6.616822e+01,  4.227030e+02,  2.012205e+01,  1.420764e+06,  1.679240e+00,  2.792566e+01,  0.000000e+00,  2.792566e+01,  1.500000e-04,  3.81180752e+00
  3.81373303e+00,  5.57698095e-06,  3.32709719e+00,           2,    1.420000e-02,  6.616739e+01,  6.616739e+01,  4.251898e+02,  2.012205e+01,  1.420674e+06,  1.674296e+00,  2.792605e+01,  0.000000e+00,  2.792605e+01,  1.500000e-04,  3.81182497e+00
  3.81375608e+00,  5.57703462e-06,  3.32710276e+00,           2,    1.420000e-02,  6.616655e+01,  6.616655e+01,  4.276913e+02,  2.012205e+01,  1.420584e+06,  1.669366e+00,  2.792644e+01,  0.000000e+00,  2.792644e+01,  1.500000e-04,  3.81184242e+00
  3.81377913e+00,  5.57708829e-06,  3.32710834e+00,           2,    1.420000e-02,  6.616572e+01,  6.616572e+01,  4.302075e+02,  2.012205e+01,  1.420494e+06,  1.664451e+00,  2.792683e+01,  0.000000e+00,  2.792683e+01,  1.500000e-04,  3.81185987e+00
  3.81380218e+00,  5.57714196e-06,  3.32711392e+00,           2,    1.420000e-02,  6.616488e+01,  6.616488e+01,  4.327385e+02,  2.012205e+01,  1.420404e+06,  1.659550e+00,  2.792721e+01,  0.000000e+00,  2.792721e+01,  1.500000e-04,  3.81187732e+00
  3.81382523e+00,  5.57719563e-06,  3.32711949e+00,           2,    1.420000e-02,  6.616404e+01,  6.616404e+01,  4.352843e+02,  2.012205e+01,  1.420314e+06,  1.654663e+00,  2.792760e+01,  0.000000e+00,  2.792760e+01,  1.500000e-04,  3.81189477e+00
  3.81384828e+00,  5.57724931e-06,  3.32712507e+00,           2,    1.420000e-02,  6.616321e+01,  6.616321e+01,  4.378452e+02,  2.012205e+01,  1.420225e+06,  1.649791e+00,  2.792799e+01,  0.000000e+00,  2.792799e+01,  1.500000e-04,  3.81191223e+00
  3.81387133e+00,  5.57730299e-06,  3.32713065e+00,           2,    1.420000e-02,  6.616237e+01,  6.616237e+01,  4.404212e+02,  2.012205e+01,  1.420135e+06,  1.644933e+00,  2.792837e+01,  0.000000e+00,  2.792837e+01,  1.500000e-04,  3.81192968e+00
  3.81389438e+00,  5.57735667e-06,  3.32713623e+00,           2,    1.420000e-02,  6.616153e+01,  6.616153e+01,  4.430123e+02,  2.012205e+01,  1.420045e+06,  1.640090e+00,  2.792876e+01,  0.000000e+00,  2.792876e+01,  1.500000e-04,  3.81194714e+00
  3.81391743e+00,  5.57741035e-06,  3.32714180e+00,           2,    1.420000e-02,  6.616070e+01,  6.616070e+01,  4.456187e+02,  2.012205e+01,  1.419955e+06,  1.635261e+00,  2.792915e+01,  0.000000e+00,  2.792915e+01,  1.500000e-04,  3.81196460e+00
  3.81394049e+00,  5.57746404e-06,  3.32714738e+00,           2,    1.420000e-02,  6.615986e+01,  6.615986e+01,  4.482404e+02,  2.012205e+01,  1.419865e+06,  1.630446e+00,  2.792953e+01,  0.000000e+00,  2.792953e+01,  1.500000e-04,  3.81198205e+00
  3.81396354e+00,  5.57751773e-06,  3.32715296e+00,           2,    1.420000e-02,  6.615902e+01,  6.615902e+01,  4.508775e+02,  2.012205e+01,  1.419775e+06,  1.625645e+00,  2.792992e+01,  0.000000e+00,  2.792992e+01,  1.500000e-04,  3.81199951e+00
  3.81398660e+00,  5.57757142e-06,  3.32715854e+00,           2,    1.420000e-02,  6.615819e+01,  6.615819e+01,  4.535302e+02,  2.012205e+01,  1.419686e+06,  1.620858e+00,  2.793031e+01,  0.000000e+00,  2.793031e+01,  1.500000e-04,  3.81201697e+00
  3.81400965e+00,  5.57762511e-06,  3.32716411e+00,           2,    1.420000e-02,  6.615735e+01,  6.615735e+01,  4.561985e+02,  2.012205e+01,  1.419596e+06,  1.616085e+00,  2.793069e+01,  0.000000e+00,  2.793069e+01,  1.500000e-04,  3.81203443e+00
  3.81403271e+00,  5.57767880e-06,  3.32716969e+00,           2,    1.420000e-02,  6.615651e+01,  6.615651e+01,  4.588825e+02,  2.012205e+01,  1.419506e+06,  1.611327e+00,  2.793108e+01,  0.000000e+00,  2.793108e+01,  1.500000e-04,  3.81205189e+00
  3.81405577e+00,  5.57773250e-06,  3.32717527e+00,           2,    1.420000e-02,  6.615568e+01,  6.615568e+01,  4.615823e+02,  2.012205e+01,  1.419416e+06,  1.606582e+00,  2.793147e+01,  0.000000e+00,  2.793147e+01,  1.500000e-04,  3.81206935e+00
  3.81407883e+00,  5.57778620e-06,  3.32718085e+00,           2,    1.420000e-02,  6.615484e+01,  6.615484e+01,  4.642980e+02,  2.012205e+01,  1.419326e+06,  1.601851e+00,  2.793185e+01,  0.000000e+00,  2.793185e+01,  1.500000e-04,  3.81208681e+00
  3.81410189e+00,  5.57783990e-06,  3.32718642e+00,           2,    1.420000e-02,  6.615400e+01,  6.615400e+01,  4.670297e+02,  2.012205e+01,  1.419236e+06,  1.597134e+00,  2.793224e+01,  0.000000e+00,  2.793224e+01,  1.500000e-04,  3.81210427e+00
  3.81412495e+00,  5.57789360e-06,  3.32719200e+00,           2,    1.420000e-02,  6.615317e+01,  6.615317e+01,  4.697775e+02,  2.012205e+01,  1.419147e+06,  1.592431e+00,  2.793263e+01,  0.000000e+00,  2.793263e+01,  1.500000e-04,  3.81212173e+00
  3.81414801e+00,  5.57794731e-06,  3.32719758e+00,           2,    1.420000e-02,  6.615233e+01,  6.615233e+01,  4.725414e+02,  2.012205e+01,  1.419057e+06,  1.587742e+00,  2.793301e+01,  0.000000e+00,  2.793301e+01,  1.500000e-04,  3.81213920e+00
  3.81417107e+00,  5.57800102e-06,  3.32720316e+00,           2,    1.420000e-02,  6.615149e+01,  6.615149e+01,  4.753216e+02,  2.012205e+01,  1.418967e+06,  1.583067e+00,  2.793340e+01,  0.000000e+00,  2.793340e+01,  1.500000e-04,  3.81215666e+00
  3.81419414e+00,  5.57805473e-06,  3.32720874e+00,           2,    1.420000e-02,  6.615066e+01,  6.615066e+01,  4.781182e+02,  2.012205e+01,  1.418877e+06,  1.578405e+00,  2.793379e+01,  0.000000e+00,  2.793379e+01,  1.500000e-04,  3.81217413e+00
  3.81421720e+00,  5.57810844e-06,  3.32721431e+00,           2,    1.420000e-02,  6.614982e+01,  6.614982e+01,  4.809313e+02,  2.012205e+01,  1.418788e+06,  1.573758e+00,  2.793417e+01,  0.000000e+00,  2.793417e+01,  1.500000e-04,  3.81219159e+00
  3.81424026e+00,  5.57816216e-06,  3.32721989e+00,           2,    1.420000e-02,  6.614898e+01,  6.614898e+01,  4.837609e+02,  2.012205e+01,  1.418698e+06,  1.569123e+00,  2.793456e+01,  0.000000e+00,  2.793456e+01,  1.500000e-04,  3.81220906e+00
  3.81426333e+00,  5.57821587e-06,  3.32722547e+00,           2,    1.420000e-02,  6.614815e+01,  6.614815e+01,  4.866072e+02,  2.012205e+01,  1.418608e+06,  1.564503e+00,  2.793495e+01,  0.000000e+00,  2.793495e+01,  1.500000e-04,  3.81222653e+00
  3.81428640e+00,  5.57826959e-06,  3.32723105e+00,           2,    1.420000e-02,  6.614731e+01,  6.614731e+01,  4.894702e+02,  2.012205e+01,  1.418518e+06,  1.559896e+00,  2.793533e+01,  0.000000e+00,  2.793533e+01,  1.500000e-04,  3.81224399e+00
  3.81430946e+00,  5.57832332e-06,  3.32723663e+00,           2,    1.420000e-02,  6.614647e+01,  6.614647e+01,  4.923501e+02,  2.012205e+01,  1.418429e+06,  1.555302e+00,  2.793572e+01,  0.000000e+00,  2.793572e+01,  1.500000e-04,  3.81226146e+00
  3.81433253e+00,  5.57837704e-06,  3.32724221e+00,           2,    1.420000e-02,  6.614564e+01,  6.614564e+01,  4.952469e+02,  2.012205e+01,  1.418339e+06,  1.550723e+00,  2.793611e+01,  0.000000e+00,  2.793611e+01,  1.500000e-04,  3.81227893e+00
  3.81435560e+00,  5.57843077e-06,  3.32724778e+00,           2,    1.420000e-02,  6.614480e+01,  6.614480e+01,  4.981608e+02,  2.012205e+01,  1.418249e+06,  1.546156e+00,  2.793649e+01,  0.000000e+00,  2.793649e+01,  1.500000e-04,  3.81229640e+00
  3.81437867e+00,  5.57848449e-06,  3.32725336e+00,           2,    1.420000e-02,  6.614396e+01,  6.614396e+01,  5.010919e+02,  2.012205e+01,  1.418159e+06,  1.541603e+00,  2.793688e+01,  0.000000e+00,  2.793688e+01,  1.500000e-04,  3.81231387e+00
  3.81440174e+00,  5.57853822e-06,  3.32725894e+00,           2,    1.420000e-02,  6.614312e+01,  6.614312e+01,  5.040402e+02,  2.012205e+01,  1.418070e+06,  1.537063e+00,  2.793726e+01,  0.000000e+00,  2.793726e+01,  1.500000e-04,  3.81233134e+00
  3.81442481e+00,  5.57859196e-06,  3.32726452e+00,           2,    1.420000e-02,  6.614229e+01,  6.614229e+01,  5.070059e+02,  2.012205e+01,  1.417980e+06,  1.532537e+00,  2.793765e+01,  0.000000e+00,  2.793765e+01,  1.500000e-04,  3.81234882e+00
  3.81444789e+00,  5.57864569e-06,  3.32727010e+00,           2,    1.420000e-02,  6.614145e+01,  6.614145e+01,  5.099890e+02,  2.012205e+01,  1.417890e+06,  1.528024e+00,  2.793804e+01,  0.000000e+00,  2.793804e+01,  1.500000e-04,  3.81236629e+00
  3.81447096e+00,  5.57869943e-06,  3.32727568e+00,           2,    1.420000e-02,  6.614061e+01,  6.614061e+01,  5.129897e+02,  2.012205e+01,  1.417801e+06,  1.523525e+00,  2.793842e+01,  0.000000e+00,  2.793842e+01,  1.500000e-04,  3.81238376e+00
  3.81449403e+00,  5.57875317e-06,  3.32728126e+00,           2,    1.420000e-02,  6.613978e+01,  6.613978e+01,  5.160081e+02,  2.012205e+01,  1.417711e+06,  1.519038e+00,  2.793881e+01,  0.000000e+00,  2.793881e+01,  1.500000e-04,  3.81240124e+00
  3.81451711e+00,  5.57880691e-06,  3.32728683e+00,           2,    1.420000e-02,  6.613894e+01,  6.613894e+01,  5.190442e+02,  2.012205e+01,  1.417621e+06,  1.514565e+00,  2.793919e+01,  0.000000e+00,  2.793919e+01,  1.500000e-04,  3.81241871e+00
  3.81454018e+00,  5.57886066e-06,  3.32729241e+00,           2,    1.420000e-02,  6.613810e+01,  6.613810e+01,  5.220982e+02,  2.012205e+01,  1.417532e+06,  1.510105e+00,  2.793958e+01,  0.000000e+00,  2.793958e+01,  1.500000e-04,  3.81243619e+00
  3.81456326e+00,  5.57891440e-06,  3.32729799e+00,           2,    1.420000e-02,  6.613727e+01,  6.613727e+01,  5.251702e+02,  2.012205e+01,  1.417442e+06,  1.505658e+00,  2.793997e+01,  0.000000e+00,  2.793997e+01,  1.500000e-04,  3.81245367e+00
  3.81458634e+00,  5.57896815e-06,  3.32730357e+00,           2,    1.420000e-02,  6.613643e+01,  6.613643e+01,  5.282603e+02,  2.012205e+01,  1.417352e+06,  1.501224e+00,  2.794035e+01,  0.000000e+00,  2.794035e+01,  1.500000e-04,  3.81247114e+00
  3.81460942e+00,  5.57902190e-06,  3.32730915e+00,           2,    1.420000e-02,  6.613559e+01,  6.613559e+01,  5.313686e+02,  2.012205e+01,  1.417263e+06,  1.496803e+00,  2.794074e+01,  0.000000e+00,  2.794074e+01,  1.500000e-04,  3.81248862e+00
  3.81463250e+00,  5.57907566e-06,  3.32731473e+00,           2,    1.420000e-02,  6.613476e+01,  6.613476e+01,  5.344952e+02,  2.012205e+01,  1.417173e+06,  1.492395e+00,  2.794112e+01,  0.000000e+00,  2.794112e+01,  1.500000e-04,  3.81250610e+00
  3.81465558e+00,  5.57912941e-06,  3.32732031e+00,           2,    1.420000e-02,  6.613392e+01,  6.613392e+01,  5.376402e+02,  2.012205e+01,  1.417083e+06,  1.488000e+00,  2.794151e+01,  0.000000e+00,  2.794151e+01,  1.500000e-04,  3.81252358e+00
  3.81467866e+00,  5.57918317e-06,  3.32732589e+00,           2,    1.420000e-02,  6.613308e+01,  6.613308e+01,  5.408037e+02,  2.012205e+01,  1.416994e+06,  1.483618e+00,  2.794190e+01,  0.000000e+00,  2.794190e+01,  1.500000e-04,  3.81254106e+00
  3.81470174e+00,  5.57923693e-06,  3.32733147e+00,           2,    1.420000e-02,  6.613225e+01,  6.613225e+01,  5.439858e+02,  2.012205e+01,  1.416904e+06,  1.479249e+00,  2.794228e+01,  0.000000e+00,  2.794228e+01,  1.500000e-04,  3.81255854e+00
  3.81472482e+00,  5.57929069e-06,  3.32733705e+00,           2,    1.420000e-02,  6.613141e+01,  6.613141e+01,  5.471867e+02,  2.012205e+01,  1.416814e+06,  1.474893e+00,  2.794267e+01,  0.000000e+00,  2.794267e+01,  1.500000e-04,  3.81257603e+00
  3.81474790e+00,  5.57934446e-06,  3.32734263e+00,           2,    1.420000e-02,  6.613057e+01,  6.613057e+01,  5.504064e+02,  2.012205e+01,  1.416725e+06,  1.470549e+00,  2.794305e+01,  0.000000e+00,  2.794305e+01,  1.500000e-04,  3.81259351e+00
  3.81477099e+00,  5.57939822e-06,  3.32734820e+00,           2,    1.420000e-02,  6.612974e+01,  6.612974e+01,  5.536451e+02,  2.012205e+01,  1.416635e+06,  1.466219e+00,  2.794344e+01,  0.000000e+00,  2.794344e+01,  1.500000e-04,  3.81261099e+00
  3.81479407e+00,  5.57945199e-06,  3.32735378e+00,           2,    1.420000e-02,  6.612890e+01,  6.612890e+01,  5.569028e+02,  2.012205e+01,  1.416546e+06,  1.461901e+00,  2.794382e+01,  0.000000e+00,  2.794382e+01,  1.500000e-04,  3.81262848e+00
  3.81481716e+00,  5.57950576e-06,  3.32735936e+00,           2,    1.420000e-02,  6.612806e+01,  6.612806e+01,  5.601798e+02,  2.012205e+01,  1.416456e+06,  1.457596e+00,  2.794421e+01,  0.000000e+00,  2.794421e+01,  1.500000e-04,  3.81264596e+00
  3.81484025e+00,  5.57955954e-06,  3.32736494e+00,           2,    1.420000e-02,  6.612722e+01,  6.612722e+01,  5.634760e+02,  2.012205e+01,  1.416366e+06,  1.453303e+00,  2.794460e+01,  0.000000e+00,  2.794460e+01,  1.500000e-04,  3.81266345e+00
  3.81486333e+00,  5.57961331e-06,  3.32737052e+00,           2,    1.420000e-02,  6.612639e+01,  6.612639e+01,  5.667916e+02,  2.012205e+01,  1.416277e+06,  1.449023e+00,  2.794498e+01,  0.000000e+00,  2.794498e+01,  1.500000e-04,  3.81268093e+00
  3.81488642e+00,  5.57966709e-06,  3.32737610e+00,           2,    1.420000e-02,  6.612555e+01,  6.612555e+01,  5.701268e+02,  2.012205e+01,  1.416187e+06,  1.444756e+00,  2.794537e+01,  0.000000e+00,  2.794537e+01,  1.500000e-04,  3.81269842e+00
  3.81490951e+00,  5.57972087e-06,  3.32738168e+00,           2,    1.420000e-02,  6.612471e+01,  6.612471e+01,  5.734816e+02,  2.012205e+01,  1.416098e+06,  1.440501e+00,  2.794575e+01,  0.000000e+00,  2.794575e+01,  1.500000e-04,  3.81271591e+00
  3.81493260e+00,  5.57977465e-06,  3.32738726e+00,           2,    1.420000e-02,  6.612388e+01,  6.612388e+01,  5.768561e+02,  2.012205e+01,  1.416008e+06,  1.436259e+00,  2.794614e+01,  0.000000e+00,  2.794614e+01,  1.500000e-04,  3.81273340e+00
  3.81495569e+00,  5.57982844e-06,  3.32739284e+00,           2,    1.420000e-02,  6.612304e+01,  6.612304e+01,  5.802506e+02,  2.012205e+01,  1.415919e+06,  1.432029e+00,  2.794652e+01,  0.000000e+00,  2.794652e+01,  1.500000e-04,  3.81275089e+00
  3.81497879e+00,  5.57988223e-06,  3.32739842e+00,           2,    1.420000e-02,  6.612220e+01,  6.612220e+01,  5.836650e+02,  2.012205e+01,  1.415829e+06,  1.427812e+00,  2.794691e+01,  0.000000e+00,  2.794691e+01,  1.500000e-04,  3.81276838e+00
  3.81500188e+00,  5.57993602e-06,  3.32740400e+00,           2,    1.420000e-02,  6.612137e+01,  6.612137e+01,  5.870995e+02,  2.012205e+01,  1.415740e+06,  1.423607e+00,  2.794729e+01,  0.000000e+00,  2.794729e+01,  1.500000e-04,  3.81278587e+00
  3.81502497e+00,  5.57998981e-06,  3.32740958e+00,           2,    1.420000e-02,  6.612053e+01,  6.612053e+01,  5.905542e+02,  2.012205e+01,  1.415650e+06,  1.419414e+00,  2.794768e+01,  0.000000e+00,  2.794768e+01,  1.500000e-04,  3.81280336e+00
  3.81504807e+00,  5.58004360e-06,  3.32741516e+00,           2,    1.420000e-02,  6.611969e+01,  6.611969e+01,  5.940293e+02,  2.012205e+01,  1.415561e+06,  1.415234e+00,  2.794806e+01,  0.000000e+00,  2.794806e+01,  1.500000e-04,  3.81282085e+00
  3.81507116e+00,  5.58009740e-06,  3.32742074e+00,           2,    1.420000e-02,  6.611885e+01,  6.611885e+01,  5.975248e+02,  2.012205e+01,  1.415471e+06,  1.411066e+00,  2.794845e+01,  0.000000e+00,  2.794845e+01,  1.500000e-04,  3.81283834e+00
  3.81509426e+00,  5.58015120e-06,  3.32742632e+00,           2,    1.420000e-02,  6.611802e+01,  6.611802e+01,  6.010410e+02,  2.012205e+01,  1.415381e+06,  1.406910e+00,  2.794884e+01,  0.000000e+00,  2.794884e+01,  1.500000e-04,  3.81285584e+00
  3.81511735e+00,  5.58020500e-06,  3.32743190e+00,           2,    1.420000e-02,  6.611718e+01,  6.611718e+01,  6.045778e+02,  2.012205e+01,  1.415292e+06,  1.402767e+00,  2.794922e+01,  0.000000e+00,  2.794922e+01,  1.500000e-04,  3.81287333e+00
  3.81514045e+00,  5.58025880e-06,  3.32743748e+00,           2,    1.420000e-02,  6.611634e+01,  6.611634e+01,  6.081354e+02,  2.012205e+01,  1.415202e+06,  1.398635e+00,  2.794961e+01,  0.000000e+00,  2.794961e+01,  1.500000e-04,  3.81289083e+00
  3.81516355e+00,  5.58031261e-06,  3.32744306e+00,           2,    1.420000e-02,  6.611551e+01,  6.611551e+01,  6.117140e+02,  2.012205e+01,  1.415113e+06,  1.394516e+00,  2.794999e+01,  0.000000e+00,  2.794999e+01,  1.500000e-04,  3.81290832e+00
  3.81518665e+00,  5.58036641e-06,  3.32744864e+00,           2,    1.420000e-02,  6.611467e+01,  6.611467e+01,  6.153137e+02,  2.012205e+01,  1.415024e+06,  1.390409e+00,  2.795038e+01,  0.000000e+00,  2.795038e+01,  1.500000e-04,  3.81292582e+00
  3.81520975e+00,  5.58042022e-06,  3.32745422e+00,           2,    1.420000e-02,  6.611383e+01,  6.611383e+01,  6.189346e+02,  2.012205e+01,  1.414934e+06,  1.386314e+00,  2.795076e+01,  0.000000e+00,  2.795076e+01,  1.500000e-04,  3.81294332e+00
  3.81523285e+00,  5.58047403e-06,  3.32745980e+00,           2,    1.420000e-02,  6.611300e+01,  6.611300e+01,  6.225768e+02,  2.012205e+01,  1.414845e+06,  1.382231e+00,  2.795115e+01,  0.000000e+00,  2.795115e+01,  1.500000e-04,  3.81296082e+00
  3.81525595e+00,  5.58052785e-06,  3.32746538e+00,           2,    1.420000e-02,  6.611216e+01,  6.611216e+01,  6.262404e+02,  2.012205e+01,  1.414755e+06,  1.378160e+00,  2.795153e+01,  0.000000e+00,  2.795153e+01,  1.500000e-04,  3.81297832e+00
  3.81527906e+00,  5.58058167e-06,  3.32747097e+00,           2,    1.420000e-02,  6.611132e+01,  6.611132e+01,  6.299257e+02,  2.012205e+01,  1.414666e+06,  1.374101e+00,  2.795192e+01,  0.000000e+00,  2.795192e+01,  1.500000e-04,  3.81299582e+00
  3.81530216e+00,  5.58063548e-06,  3.32747655e+00,           2,    1.420000e-02,  6.611048e+01,  6.611048e+01,  6.336326e+02,  2.012205e+01,  1.414576e+06,  1.370054e+00,  2.795230e+01,  0.000000e+00,  2.795230e+01,  1.500000e-04,  3.81301332e+00
  3.81532527e+00,  5.58068931e-06,  3.32748213e+00,           2,    1.420000e-02,  6.610965e+01,  6.610965e+01,  6.373613e+02,  2.012205e+01,  1.414487e+06,  1.366019e+00,  2.795269e+01,  0.000000e+00,  2.795269e+01,  1.500000e-04,  3.81303082e+00
  3.81534837e+00,  5.58074313e-06,  3.32748771e+00,           2,    1.420000e-02,  6.610881e+01,  6.610881e+01,  6.411120e+02,  2.012205e+01,  1.414397e+06,  1.361996e+00,  2.795307e+01,  0.000000e+00,  2.795307e+01,  1.500000e-04,  3.81304832e+00
  3.81537148e+00,  5.58079695e-06,  3.32749329e+00,           2,    1.420000e-02,  6.610797e+01,  6.610797e+01,  6.448848e+02,  2.012205e+01,  1.414308e+06,  1.357985e+00,  2.795346e+01,  0.000000e+00,  2.795346e+01,  1.500000e-04,  3.81306582e+00
  3.81539458e+00,  5.58085078e-06,  3.32749887e+00,           2,    1.420000e-02,  6.610714e+01,  6.610714e+01,  6.486798e+02,  2.012205e+01,  1.414218e+06,  1.353985e+00,  2.795384e+01,  0.000000e+00,  2.795384e+01,  1.500000e-04,  3.81308333e+00
  3.81541769e+00,  5.58090461e-06,  3.32750445e+00,           2,    1.420000e-02,  6.610630e+01,  6.610630e+01,  6.524972e+02,  2.012205e+01,  1.414129e+06,  1.349997e+00,  2.795423e+01,  0.000000e+00,  2.795423e+01,  1.500000e-04,  3.81310083e+00
  3.81544080e+00,  5.58095844e-06,  3.32751003e+00,           2,    1.420000e-02,  6.610546e+01,  6.610546e+01,  6.563370e+02,  2.012205e+01,  1.414040e+06,  1.346021e+00,  2.795461e+01,  0.000000e+00,  2.795461e+01,  1.500000e-04,  3.81311834e+00
  3.81546391e+00,  5.58101228e-06,  3.32751561e+00,           2,    1.420000e-02,  6.610462e+01,  6.610462e+01,  6.601995e+02,  2.012205e+01,  1.413950e+06,  1.342057e+00,  2.795499e+01,  0.000000e+00,  2.795499e+01,  1.500000e-04,  3.81313584e+00
  3.81548702e+00,  5.58106612e-06,  3.32752119e+00,           2,    1.420000e-02,  6.610379e+01,  6.610379e+01,  6.640847e+02,  2.012205e+01,  1.413861e+06,  1.338104e+00,  2.795538e+01,  0.000000e+00,  2.795538e+01,  1.500000e-04,  3.81315335e+00
  3.81551013e+00,  5.58111996e-06,  3.32752677e+00,           2,    1.420000e-02,  6.610295e+01,  6.610295e+01,  6.679927e+02,  2.012205e+01,  1.413771e+06,  1.334163e+00,  2.795576e+01,  0.000000e+00,  2.795576e+01,  1.500000e-04,  3.81317085e+00
  3.81553325e+00,  5.58117380e-06,  3.32753236e+00,           2,    1.420000e-02,  6.610211e+01,  6.610211e+01,  6.719238e+02,  2.012205e+01,  1.413682e+06,  1.330234e+00,  2.795615e+01,  0.000000e+00,  2.795615e+01,  1.500000e-04,  3.81318836e+00
  3.81555636e+00,  5.58122764e-06,  3.32753794e+00,           2,    1.420000e-02,  6.610128e+01,  6.610128e+01,  6.758781e+02,  2.012205e+01,  1.413593e+06,  1.326316e+00,  2.795653e+01,  0.000000e+00,  2.795653e+01,  1.500000e-04,  3.81320587e+00
  3.81557947e+00,  5.58128149e-06,  3.32754352e+00,           2,    1.420000e-02,  6.610044e+01,  6.610044e+01,  6.798556e+02,  2.012205e+01,  1.413503e+06,  1.322409e+00,  2.795692e+01,  0.000000e+00,  2.795692e+01,  1.500000e-04,  3.81322338e+00
  3.81560259e+00,  5.58133533e-06,  3.32754910e+00,           2,    1.420000e-02,  6.609960e+01,  6.609960e+01,  6.838565e+02,  2.012205e+01,  1.413414e+06,  1.318514e+00,  2.795730e+01,  0.000000e+00,  2.795730e+01,  1.500000e-04,  3.81324089e+00
  3.81562570e+00,  5.58138918e-06,  3.32755468e+00,           2,    1.420000e-02,  6.609876e+01,  6.609876e+01,  6.878810e+02,  2.012205e+01,  1.413325e+06,  1.314631e+00,  2.795769e+01,  0.000000e+00,  2.795769e+01,  1.500000e-04,  3.81325840e+00
  3.81564882e+00,  5.58144304e-06,  3.32756026e+00,           2,    1.420000e-02,  6.609793e+01,  6.609793e+01,  6.919293e+02,  2.012205e+01,  1.413235e+06,  1.310759e+00,  2.795807e+01,  0.000000e+00,  2.795807e+01,  1.500000e-04,  3.81327591e+00
  3.81567194e+00,  5.58149689e-06,  3.32756584e+00,           2,    1.420000e-02,  6.609709e+01,  6.609709e+01,  6.960013e+02,  2.012205e+01,  1.413146e+06,  1.306898e+00,  2.795846e+01,  0.000000e+00,  2.795846e+01,  1.500000e-04,  3.81329343e+00
  3.81569506e+00,  5.58155075e-06,  3.32757142e+00,           2,    1.420000e-02,  6.609625e+01,  6.609625e+01,  7.000973e+02,  2.012205e+01,  1.413056e+06,  1.303049e+00,  2.795884e+01,  0.000000e+00,  2.795884e+01,  1.500000e-04,  3.81331094e+00
  3.81571817e+00,  5.58160461e-06,  3.32757701e+00,           2,    1.420000e-02,  6.609542e+01,  6.609542e+01,  7.042175e+02,  2.012205e+01,  1.412967e+06,  1.299211e+00,  2.795922e+01,  0.000000e+00,  2.795922e+01,  1.500000e-04,  3.81332845e+00
  3.81574129e+00,  5.58165847e-06,  3.32758259e+00,           2,    1.420000e-02,  6.609458e+01,  6.609458e+01,  7.083619e+02,  2.012205e+01,  1.412878e+06,  1.295384e+00,  2.795961e+01,  0.000000e+00,  2.795961e+01,  1.500000e-04,  3.81334597e+00
  3.81576442e+00,  5.58171234e-06,  3.32758817e+00,           2,    1.420000e-02,  6.609374e+01,  6.609374e+01,  7.125307e+02,  2.012205e+01,  1.412788e+06,  1.291569e+00,  2.795999e+01,  0.000000e+00,  2.795999e+01,  1.500000e-04,  3.81336348e+00
  3.81578754e+00,  5.58176620e-06,  3.32759375e+00,           2,    1.420000e-02,  6.609290e+01,  6.609290e+01,  7.167241e+02,  2.012205e+01,  1.412699e+06,  1.287764e+00,  2.796038e+01,  0.000000e+00,  2.796038e+01,  1.500000e-04,  3.81338100e+00
  3.81581066e+00,  5.58182007e-06,  3.32759933e+00,           2,    1.420000e-02,  6.609207e+01,  6.609207e+01,  7.209422e+02,  2.012205e+01,  1.412610e+06,  1.283971e+00,  2.796076e+01,  0.000000e+00,  2.796076e+01,  1.500000e-04,  3.81339852e+00
  3.81583378e+00,  5.58187394e-06,  3.32760492e+00,           2,    1.420000e-02,  6.609123e+01,  6.609123e+01,  7.251851e+02,  2.012205e+01,  1.412521e+06,  1.280190e+00,  2.796115e+01,  0.000000e+00,  2.796115e+01,  1.500000e-04,  3.81341603e+00
  3.81585691e+00,  5.58192781e-06,  3.32761050e+00,           2,    1.420000e-02,  6.609039e+01,  6.609039e+01,  7.294530e+02,  2.012205e+01,  1.412431e+06,  1.276419e+00,  2.796153e+01,  0.000000e+00,  2.796153e+01,  1.500000e-04,  3.81343355e+00
  3.81588003e+00,  5.58198169e-06,  3.32761608e+00,           2,    1.420000e-02,  6.608955e+01,  6.608955e+01,  7.337460e+02,  2.012205e+01,  1.412342e+06,  1.272659e+00,  2.796191e+01,  0.000000e+00,  2.796191e+01,  1.500000e-04,  3.81345107e+00
  3.81590316e+00,  5.58203557e-06,  3.32762166e+00,           2,    1.420000e-02,  6.608872e+01,  6.608872e+01,  7.380643e+02,  2.012205e+01,  1.412253e+06,  1.268911e+00,  2.796230e+01,  0.000000e+00,  2.796230e+01,  1.500000e-04,  3.81346859e+00
  3.81592628e+00,  5.58208945e-06,  3.32762724e+00,           2,    1.420000e-02,  6.608788e+01,  6.608788e+01,  7.424081e+02,  2.012205e+01,  1.412163e+06,  1.265173e+00,  2.796268e+01,  0.000000e+00,  2.796268e+01,  1.500000e-04,  3.81348611e+00
  3.81594941e+00,  5.58214333e-06,  3.32763283e+00,           2,    1.420000e-02,  6.608704e+01,  6.608704e+01,  7.467774e+02,  2.012205e+01,  1.412074e+06,  1.261446e+00,  2.796307e+01,  0.000000e+00,  2.796307e+01,  1.500000e-04,  3.81350363e+00
  3.81597254e+00,  5.58219721e-06,  3.32763841e+00,           2,    1.420000e-02,  6.608620e+01,  6.608620e+01,  7.511725e+02,  2.012205e+01,  1.411985e+06,  1.257731e+00,  2.796345e+01,  0.000000e+00,  2.796345e+01,  1.500000e-04,  3.81352115e+00
  3.81599567e+00,  5.58225110e-06,  3.32764399e+00,           2,    1.420000e-02,  6.608537e+01,  6.608537e+01,  7.555934e+02,  2.012205e+01,  1.411896e+06,  1.254026e+00,  2.796383e+01,  0.000000e+00,  2.796383e+01,  1.500000e-04,  3.81353868e+00
  3.81601880e+00,  5.58230499e-06,  3.32764957e+00,           2,    1.420000e-02,  6.608453e+01,  6.608453e+01,  7.600404e+02,  2.012205e+01,  1.411806e+06,  1.250332e+00,  2.796422e+01,  0.000000e+00,  2.796422e+01,  1.500000e-04,  3.81355620e+00
  3.81604193e+00,  5.58235888e-06,  3.32765515e+00,           2,    1.420000e-02,  6.608369e+01,  6.608369e+01,  7.645136e+02,  2.012205e+01,  1.411717e+06,  1.246649e+00,  2.796460e+01,  0.000000e+00,  2.796460e+01,  1.500000e-04,  3.81357372e+00
  3.81606506e+00,  5.58241277e-06,  3.32766074e+00,           2,    1.420000e-02,  6.608286e+01,  6.608286e+01,  7.690131e+02,  2.012205e+01,  1.411628e+06,  1.242977e+00,  2.796499e+01,  0.000000e+00,  2.796499e+01,  1.500000e-04,  3.81359125e+00
  3.81608820e+00,  5.58246667e-06,  3.32766632e+00,           2,    1.420000e-02,  6.608202e+01,  6.608202e+01,  7.735391e+02,  2.012205e+01,  1.411539e+06,  1.239316e+00,  2.796537e+01,  0.000000e+00,  2.796537e+01,  1.500000e-04,  3.81360878e+00
  3.81611133e+00,  5.58252057e-06,  3.32767190e+00,           2,    1.420000e-02,  6.608118e+01,  6.608118e+01,  7.780918e+02,  2.012205e+01,  1.411449e+06,  1.235665e+00,  2.796575e+01,  0.000000e+00,  2.796575e+01,  1.500000e-04,  3.81362630e+00
  3.81613446e+00,  5.58257447e-06,  3.32767748e+00,           2,    1.420000e-02,  6.608034e+01,  6.608034e+01,  7.826713e+02,  2.012205e+01,  1.411360e+06,  1.232026e+00,  2.796614e+01,  0.000000e+00,  2.796614e+01,  1.500000e-04,  3.81364383e+00
  3.81615760e+00,  5.58262837e-06,  3.32768307e+00,           2,    1.420000e-02,  6.607951e+01,  6.607951e+01,  7.872777e+02,  2.012205e+01,  1.411271e+06,  1.228397e+00,  2.796652e+01,  0.000000e+00,  2.796652e+01,  1.500000e-04,  3.81366136e+00
  3.81618074e+00,  5.58268228e-06,  3.32768865e+00,           2,    1.420000e-02,  6.607867e+01,  6.607867e+01,  7.919113e+02,  2.012205e+01,  1.411182e+06,  1.224778e+00,  2.796691e+01,  0.000000e+00,  2.796691e+01,  1.500000e-04,  3.81367889e+00
  3.81620387e+00,  5.58273618e-06,  3.32769423e+00,           2,    1.420000e-02,  6.607783e+01,  6.607783e+01,  7.965722e+02,  2.012205e+01,  1.411093e+06,  1.221171e+00,  2.796729e+01,  0.000000e+00,  2.796729e+01,  1.500000e-04,  3.81369642e+00
  3.81622701e+00,  5.58279009e-06,  3.32769982e+00,           2,    1.420000e-02,  6.607699e+01,  6.607699e+01,  8.012605e+02,  2.012205e+01,  1.411003e+06,  1.217573e+00,  2.796767e+01,  0.000000e+00,  2.796767e+01,  1.500000e-04,  3.81371395e+00
  3.81625015e+00,  5.58284400e-06,  3.32770540e+00,           2,    1.420000e-02,  6.607616e+01,  6.607616e+01,  8.059764e+02,  2.012205e+01,  1.410914e+06,  1.213987e+00,  2.796806e+01,  0.000000e+00,  2.796806e+01,  1.500000e-04,  3.81373148e+00
  3.81627329e+00,  5.58289792e-06,  3.32771098e+00,           2,    1.420000e-02,  6.607532e+01,  6.607532e+01,  8.107201e+02,  2.012205e+01,  1.410825e+06,  1.210411e+00,  2.796844e+01,  0.000000e+00,  2.796844e+01,  1.500000e-04,  3.81374901e+00
  3.81629643e+00,  5.58295183e-06,  3.32771656e+00,           2,    1.420000e-02,  6.607448e+01,  6.607448e+01,  8.154918e+02,  2.012205e+01,  1.410736e+06,  1.206845e+00,  2.796882e+01,  0.000000e+00,  2.796882e+01,  1.500000e-04,  3.81376654e+00
  3.81631957e+00,  5.58300575e-06,  3.32772215e+00,           2,    1.420000e-02,  6.607364e+01,  6.607364e+01,  8.202916e+02,  2.012205e+01,  1.410647e+06,  1.203290e+00,  2.796921e+01,  0.000000e+00,  2.796921e+01,  1.500000e-04,  3.81378407e+00
  3.81634271e+00,  5.58305967e-06,  3.32772773e+00,           2,    1.420000e-02,  6.607281e+01,  6.607281e+01,  8.251196e+02,  2.012205e+01,  1.410558e+06,  1.199746e+00,  2.796959e+01,  0.000000e+00,  2.796959e+01,  1.500000e-04,  3.81380161e+00
  3.81636586e+00,  5.58311360e-06,  3.32773331e+00,           2,    1.420000e-02,  6.607197e+01,  6.607197e+01,  8.299760e+02,  2.012205e+01,  1.410468e+06,  1.196212e+00,  2.796997e+01,  0.000000e+00,  2.796997e+01,  1.500000e-04,  3.81381914e+00
  3.81638900e+00,  5.58316752e-06,  3.32773890e+00,           2,    1.420000e-02,  6.607113e+01,  6.607113e+01,  8.348611e+02,  2.012205e+01,  1.410379e+06,  1.192688e+00,  2.797036e+01,  0.000000e+00,  2.797036e+01,  1.500000e-04,  3.81383668e+00
  3.81641214e+00,  5.58322145e-06,  3.32774448e+00,           2,    1.420000e-02,  6.607029e+01,  6.607029e+01,  8.397749e+02,  2.012205e+01,  1.410290e+06,  1.189175e+00,  2.797074e+01,  0.000000e+00,  2.797074e+01,  1.500000e-04,  3.81385421e+00
  3.81643529e+00,  5.58327538e-06,  3.32775006e+00,           2,    1.420000e-02,  6.606946e+01,  6.606946e+01,  8.447177e+02,  2.012205e+01,  1.410201e+06,  1.185672e+00,  2.797112e+01,  0.000000e+00,  2.797112e+01,  1.500000e-04,  3.81387175e+00
  3.81645844e+00,  5.58332931e-06,  3.32775565e+00,           2,    1.420000e-02,  6.606862e+01,  6.606862e+01,  8.496896e+02,  2.012205e+01,  1.410112e+06,  1.182179e+00,  2.797151e+01,  0.000000e+00,  2.797151e+01,  1.500000e-04,  3.81388929e+00
  3.81648158e+00,  5.58338324e-06,  3.32776123e+00,           2,    1.420000e-02,  6.606778e+01,  6.606778e+01,  8.546908e+02,  2.012205e+01,  1.410023e+06,  1.178697e+00,  2.797189e+01,  0.000000e+00,  2.797189e+01,  1.500000e-04,  3.81390683e+00
  3.81650473e+00,  5.58343718e-06,  3.32776681e+00,           2,    1.420000e-02,  6.606694e+01,  6.606694e+01,  8.597214e+02,  2.012205e+01,  1.409934e+06,  1.175224e+00,  2.797227e+01,  0.000000e+00,  2.797227e+01,  1.500000e-04,  3.81392437e+00
  3.81652788e+00,  5.58349112e-06,  3.32777240e+00,           2,    1.420000e-02,  6.606611e+01,  6.606611e+01,  8.647817e+02,  2.012205e+01,  1.409845e+06,  1.171762e+00,  2.797266e+01,  0.000000e+00,  2.797266e+01,  1.500000e-04,  3.81394191e+00
  3.81655103e+00,  5.58354506e-06,  3.32777798e+00,           2,    1.420000e-02,  6.606527e+01,  6.606527e+01,  8.698717e+02,  2.012205e+01,  1.409755e+06,  1.168311e+00,  2.797304e+01,  0.000000e+00,  2.797304e+01,  1.500000e-04,  3.81395945e+00
  3.81657418e+00,  5.58359900e-06,  3.32778356e+00,           2,    1.420000e-02,  6.606443e+01,  6.606443e+01,  8.749918e+02,  2.012205e+01,  1.409666e+06,  1.164869e+00,  2.797342e+01,  0.000000e+00,  2.797342e+01,  1.500000e-04,  3.81397699e+00
  3.81659733e+00,  5.58365295e-06,  3.32778915e+00,           2,    1.420000e-02,  6.606359e+01,  6.606359e+01,  8.801420e+02,  2.012205e+01,  1.409577e+06,  1.161438e+00,  2.797381e+01,  0.000000e+00,  2.797381e+01,  1.500000e-04,  3.81399453e+00
  3.81662048e+00,  5.58370690e-06,  3.32779473e+00,           2,    1.420000e-02,  6.606276e+01,  6.606276e+01,  8.853225e+02,  2.012205e+01,  1.409488e+06,  1.158016e+00,  2.797419e+01,  0.000000e+00,  2.797419e+01,  1.500000e-04,  3.81401207e+00
  3.81664364e+00,  5.58376085e-06,  3.32780031e+00,           2,    1.420000e-02,  6.606192e+01,  6.606192e+01,  8.905336e+02,  2.012205e+01,  1.409399e+06,  1.154605e+00,  2.797457e+01,  0.000000e+00,  2.797457e+01,  1.500000e-04,  3.81402962e+00
  3.81666679e+00,  5.58381480e-06,  3.32780590e+00,           2,    1.420000e-02,  6.606108e+01,  6.606108e+01,  8.957753e+02,  2.012205e+01,  1.409310e+06,  1.151203e+00,  2.797496e+01,  0.000000e+00,  2.797496e+01,  1.500000e-04,  3.81404716e+00
  3.81668995e+00,  5.58386876e-06,  3.32781148e+00,           2,    1.420000e-02,  6.606024e+01,  6.606024e+01,  9.010479e+02,  2.012205e+01,  1.409221e+06,  1.147812e+00,  2.797534e+01,  0.000000e+00,  2.797534e+01,  1.500000e-04,  3.81406471e+00
  3.81671310e+00,  5.58392271e-06,  3.32781707e+00,           2,    1.420000e-02,  6.605941e+01,  6.605941e+01,  9.063516e+02,  2.012205e+01,  1.409132e+06,  1.144431e+00,  2.797572e+01,  0.000000e+00,  2.797572e+01,  1.500000e-04,  3.81408225e+00
  3.81673626e+00,  5.58397667e-06,  3.32782265e+00,           2,    1.420000e-02,  6.605857e+01,  6.605857e+01,  9.116865e+02,  2.012205e+01,  1.409043e+06,  1.141059e+00,  2.797611e+01,  0.000000e+00,  2.797611e+01,  1.500000e-04,  3.81409980e+00
  3.81675942e+00,  5.58403063e-06,  3.32782823e+00,           2,    1.420000e-02,  6.605773e+01,  6.605773e+01,  9.170529e+02,  2.012205e+01,  1.408954e+06,  1.137698e+00,  2.797649e+01,  0.000000e+00,  2.797649e+01,  1.500000e-04,  3.81411734e+00
  3.81678257e+00,  5.58408460e-06,  3.32783382e+00,           2,    1.420000e-02,  6.605689e+01,  6.605689e+01,  9.224508e+02,  2.012205e+01,  1.408865e+06,  1.134346e+00,  2.797687e+01,  0.000000e+00,  2.797687e+01,  1.500000e-04,  3.81413489e+00
  3.81680573e+00,  5.58413856e-06,  3.32783940e+00,           2,    1.420000e-02,  6.605606e+01,  6.605606e+01,  9.278805e+02,  2.012205e+01,  1.408776e+06,  1.131005e+00,  2.797725e+01,  0.000000e+00,  2.797725e+01,  1.500000e-04,  3.81415244e+00
  3.81682889e+00,  5.58419253e-06,  3.32784499e+00,           2,    1.420000e-02,  6.605522e+01,  6.605522e+01,  9.333423e+02,  2.012205e+01,  1.408687e+06,  1.127673e+00,  2.797764e+01,  0.000000e+00,  2.797764e+01,  1.500000e-04,  3.81416999e+00
  3.81685205e+00,  5.58424650e-06,  3.32785057e+00,           2,    1.420000e-02,  6.605438e+01,  6.605438e+01,  9.388362e+02,  2.012205e+01,  1.408598e+06,  1.124351e+00,  2.797802e+01,  0.000000e+00,  2.797802e+01,  1.500000e-04,  3.81418754e+00
  3.81687522e+00,  5.58430048e-06,  3.32785616e+00,           2,    1.420000e-02,  6.605354e+01,  6.605354e+01,  9.443624e+02,  2.012205e+01,  1.408509e+06,  1.121039e+00,  2.797840e+01,  0.000000e+00,  2.797840e+01,  1.500000e-04,  3.81420509e+00
  3.81689838e+00,  5.58435445e-06,  3.32786174e+00,           2,    1.420000e-02,  6.605271e+01,  6.605271e+01,  9.499212e+02,  2.012205e+01,  1.408420e+06,  1.117736e+00,  2.797879e+01,  0.000000e+00,  2.797879e+01,  1.500000e-04,  3.81422264e+00
  3.81692154e+00,  5.58440843e-06,  3.32786732e+00,           2,    1.420000e-02,  6.605187e+01,  6.605187e+01,  9.555128e+02,  2.012205e+01,  1.408331e+06,  1.114443e+00,  2.797917e+01,  0.000000e+00,  2.797917e+01,  1.500000e-04,  3.81424020e+00
  3.81694471e+00,  5.58446241e-06,  3.32787291e+00,           2,    1.420000e-02,  6.605103e+01,  6.605103e+01,  9.611372e+02,  2.012205e+01,  1.408242e+06,  1.111160e+00,  2.797955e+01,  0.000000e+00,  2.797955e+01,  1.500000e-04,  3.81425775e+00
  3.81696787e+00,  5.58451639e-06,  3.32787849e+00,           2,    1.420000e-02,  6.605019e+01,  6.605019e+01,  9.667949e+02,  2.012205e+01,  1.408153e+06,  1.107887e+00,  2.797993e+01,  0.000000e+00,  2.797993e+01,  1.500000e-04,  3.81427530e+00
  3.81699104e+00,  5.58457037e-06,  3.32788408e+00,           2,    1.420000e-02,  6.604935e+01,  6.604935e+01,  9.724858e+02,  2.012205e+01,  1.408064e+06,  1.104623e+00,  2.798032e+01,  0.000000e+00,  2.798032e+01,  1.500000e-04,  3.81429286e+00
  3.81701420e+00,  5.58462436e-06,  3.32788966e+00,           2,    1.420000e-02,  6.604852e+01,  6.604852e+01,  9.782103e+02,  2.012205e+01,  1.407975e+06,  1.101368e+00,  2.798070e+01,  0.000000e+00,  2.798070e+01,  1.500000e-04,  3.81431041e+00
  3.81703737e+00,  5.58467835e-06,  3.32789525e+00,           2,    1.420000e-02,  6.604768e+01,  6.604768e+01,  9.839684e+02,  2.012205e+01,  1.407886e+06,  1.098124e+00,  2.798108e+01,  0.000000e+00,  2.798108e+01,  1.500000e-04,  3.81432797e+00
  3.81706054e+00,  5.58473234e-06,  3.32790083e+00,           2,    1.420000e-02,  6.604684e+01,  6.604684e+01,  9.897605e+02,  2.012205e+01,  1.407797e+06,  1.094889e+00,  2.798146e+01,  0.000000e+00,  2.798146e+01,  1.500000e-04,  3.81434553e+00
  3.81708371e+00,  5.58478633e-06,  3.32790642e+00,           2,    1.420000e-02,  6.604600e+01,  6.604600e+01,  9.955867e+02,  2.012205e+01,  1.407708e+06,  1.091663e+00,  2.798185e+01,  0.000000e+00,  2.798185e+01,  1.500000e-04,  3.81436309e+00
  3.81710688e+00,  5.58484033e-06,  3.32791200e+00,           2,    1.420000e-02,  6.604517e+01,  6.604517e+01,  1.001447e+03,  2.012205e+01,  1.407619e+06,  1.088447e+00,  2.798223e+01,  0.000000e+00,  2.798223e+01,  1.500000e-04,  3.81438064e+00
  3.81713005e+00,  5.58489433e-06,  3.32791759e+00,           2,    1.420000e-02,  6.604433e+01,  6.604433e+01,  1.007342e+03,  2.012205e+01,  1.407530e+06,  1.085240e+00,  2.798261e+01,  0.000000e+00,  2.798261e+01,  1.500000e-04,  3.81439820e+00
  3.81715322e+00,  5.58494833e-06,  3.32792317e+00,           2,    1.420000e-02,  6.604349e+01,  6.604349e+01,  1.013272e+03,  2.012205e+01,  1.407441e+06,  1.082043e+00,  2.798299e+01,  0.000000e+00,  2.798299e+01,  1.500000e-04,  3.81441576e+00
  3.81717640e+00,  5.58500233e-06,  3.32792876e+00,           2,    1.420000e-02,  6.604265e+01,  6.604265e+01,  1.019237e+03,  2.012205e+01,  1.407352e+06,  1.078855e+00,  2.798338e+01,  0.000000e+00,  2.798338e+01,  1.500000e-04,  3.81443332e+00
  3.81719957e+00,  5.58505633e-06,  3.32793434e+00,           2,    1.420000e-02,  6.604181e+01,  6.604181e+01,  1.025237e+03,  2.012205e+01,  1.407263e+06,  1.075677e+00,  2.798376e+01,  0.000000e+00,  2.798376e+01,  1.500000e-04,  3.81445089e+00
  3.81722274e+00,  5.58511034e-06,  3.32793993e+00,           2,    1.420000e-02,  6.604098e+01,  6.604098e+01,  1.031272e+03,  2.012205e+01,  1.407174e+06,  1.072508e+00,  2.798414e+01,  0.000000e+00,  2.798414e+01,  1.500000e-04,  3.81446845e+00
  3.81724592e+00,  5.58516435e-06,  3.32794551e+00,           2,    1.420000e-02,  6.604014e+01,  6.604014e+01,  1.037343e+03,  2.012205e+01,  1.407085e+06,  1.069348e+00,  2.798452e+01,  0.000000e+00,  2.798452e+01,  1.500000e-04,  3.81448601e+00
  3.81726909e+00,  5.58521836e-06,  3.32795110e+00,           2,    1.420000e-02,  6.603930e+01,  6.603930e+01,  1.043449e+03,  2.012205e+01,  1.406997e+06,  1.066197e+00,  2.798491e+01,  0.000000e+00,  2.798491e+01,  1.500000e-04,  3.81450357e+00
  3.81729227e+00,  5.58527238e-06,  3.32795668e+00,           2,    1.420000e-02,  6.603846e+01,  6.603846e+01,  1.049592e+03,  2.012205e+01,  1.406908e+06,  1.063056e+00,  2.798529e+01,  0.000000e+00,  2.798529e+01,  1.500000e-04,  3.81452114e+00
  3.81731545e+00,  5.58532639e-06,  3.32796227e+00,           2,    1.420000e-02,  6.603763e+01,  6.603763e+01,  1.055770e+03,  2.012205e+01,  1.406819e+06,  1.059924e+00,  2.798567e+01,  0.000000e+00,  2.798567e+01,  1.500000e-04,  3.81453870e+00
  3.81733863e+00,  5.58538041e-06,  3.32796785e+00,           2,    1.420000e-02,  6.603679e+01,  6.603679e+01,  1.061985e+03,  2.012205e+01,  1.406730e+06,  1.056802e+00,  2.798605e+01,  0.000000e+00,  2.798605e+01,  1.500000e-04,  3.81455627e+00
  3.81736181e+00,  5.58543443e-06,  3.32797344e+00,           2,    1.420000e-02,  6.603595e+01,  6.603595e+01,  1.068237e+03,  2.012205e+01,  1.406641e+06,  1.053688e+00,  2.798643e+01,  0.000000e+00,  2.798643e+01,  1.500000e-04,  3.81457384e+00
  3.81738499e+00,  5.58548845e-06,  3.32797902e+00,           2,    1.420000e-02,  6.603511e+01,  6.603511e+01,  1.074525e+03,  2.012205e+01,  1.406552e+06,  1.050584e+00,  2.798682e+01,  0.000000e+00,  2.798682e+01,  1.500000e-04,  3.81459140e+00
  3.81740817e+00,  5.58554248e-06,  3.32798461e+00,           2,    1.420000e-02,  6.603427e+01,  6.603427e+01,  1.080851e+03,  2.012205e+01,  1.406463e+06,  1.047488e+00,  2.798720e+01,  0.000000e+00,  2.798720e+01,  1.500000e-04,  3.81460897e+00
  3.81743135e+00,  5.58559651e-06,  3.32799019e+00,           2,    1.420000e-02,  6.603344e+01,  6.603344e+01,  1.087214e+03,  2.012205e+01,  1.406374e+06,  1.044402e+00,  2.798758e+01,  0.000000e+00,  2.798758e+01,  1.500000e-04,  3.81462654e+00
  3.81745454e+00,  5.58565054e-06,  3.32799578e+00,           2,    1.420000e-02,  6.603260e+01,  6.603260e+01,  1.093614e+03,  2.012205e+01,  1.406286e+06,  1.041325e+00,  2.798796e+01,  0.000000e+00,  2.798796e+01,  1.500000e-04,  3.81464411e+00
  3.81747772e+00,  5.58570457e-06,  3.32800137e+00,           2,    1.420000e-02,  6.603176e+01,  6.603176e+01,  1.100052e+03,  2.012205e+01,  1.406197e+06,  1.038257e+00,  2.798834e+01,  0.000000e+00,  2.798834e+01,  1.500000e-04,  3.81466168e+00
  3.81750090e+00,  5.58575860e-06,  3.32800695e+00,           2,    1.420000e-02,  6.603092e+01,  6.603092e+01,  1.106528e+03,  2.012205e+01,  1.406108e+06,  1.035198e+00,  2.798873e+01,  0.000000e+00,  2.798873e+01,  1.500000e-04,  3.81467925e+00
  3.81752409e+00,  5.58581264e-06,  3.32801254e+00,           2,    1.420000e-02,  6.603009e+01,  6.603009e+01,  1.113042e+03,  2.012205e+01,  1.406019e+06,  1.032148e+00,  2.798911e+01,  0.000000e+00,  2.798911e+01,  1.500000e-04,  3.81469682e+00
  3.81754728e+00,  5.58586668e-06,  3.32801812e+00,           2,    1.420000e-02,  6.602925e+01,  6.602925e+01,  1.119594e+03,  2.012205e+01,  1.405930e+06,  1.029107e+00,  2.798949e+01,  0.000000e+00,  2.798949e+01,  1.500000e-04,  3.81471440e+00
  3.81757046e+00,  5.58592072e-06,  3.32802371e+00,           2,    1.420000e-02,  6.602841e+01,  6.602841e+01,  1.126185e+03,  2.012205e+01,  1.405841e+06,  1.026075e+00,  2.798987e+01,  0.000000e+00,  2.798987e+01,  1.500000e-04,  3.81473197e+00
  3.81759365e+00,  5.58597476e-06,  3.32802930e+00,           2,    1.420000e-02,  6.602757e+01,  6.602757e+01,  1.132815e+03,  2.012205e+01,  1.405753e+06,  1.023052e+00,  2.799025e+01,  0.000000e+00,  2.799025e+01,  1.500000e-04,  3.81474954e+00
  3.81761684e+00,  5.58602881e-06,  3.32803488e+00,           2,    1.420000e-02,  6.602673e+01,  6.602673e+01,  1.139484e+03,  2.012205e+01,  1.405664e+06,  1.020038e+00,  2.799064e+01,  0.000000e+00,  2.799064e+01,  1.500000e-04,  3.81476712e+00
  3.81764003e+00,  5.58608286e-06,  3.32804047e+00,           2,    1.420000e-02,  6.602590e+01,  6.602590e+01,  1.146192e+03,  2.012205e+01,  1.405575e+06,  1.017032e+00,  2.799102e+01,  0.000000e+00,  2.799102e+01,  1.500000e-04,  3.81478469e+00
  3.81766322e+00,  5.58613691e-06,  3.32804605e+00,           2,    1.420000e-02,  6.602506e+01,  6.602506e+01,  1.152940e+03,  2.012205e+01,  1.405486e+06,  1.014036e+00,  2.799140e+01,  0.000000e+00,  2.799140e+01,  1.500000e-04,  3.81480227e+00
  3.81768641e+00,  5.58619096e-06,  3.32805164e+00,           2,    1.420000e-02,  6.602422e+01,  6.602422e+01,  1.159728e+03,  2.012205e+01,  1.405397e+06,  1.011048e+00,  2.799178e+01,  0.000000e+00,  2.799178e+01,  1.500000e-04,  3.81481985e+00
  3.81770961e+00,  5.58624501e-06,  3.32805723e+00,           2,    1.420000e-02,  6.602338e+01,  6.602338e+01,  1.166555e+03,  2.012205e+01,  1.405309e+06,  1.008069e+00,  2.799216e+01,  0.000000e+00,  2.799216e+01,  1.500000e-04,  3.81483743e+00
  3.81773280e+00,  5.58629907e-06,  3.32806281e+00,           2,    1.420000e-02,  6.602254e+01,  6.602254e+01,  1.173423e+03,  2.012205e+01,  1.405220e+06,  1.005099e+00,  2.799254e+01,  0.000000e+00,  2.799254e+01,  1.500000e-04,  3.81485500e+00
  3.81775599e+00,  5.58635313e-06,  3.32806840e+00,           2,    1.420000e-02,  6.602171e+01,  6.602171e+01,  1.180331e+03,  2.012205e+01,  1.405131e+06,  1.002138e+00,  2.799293e+01,  0.000000e+00,  2.799293e+01,  1.500000e-04,  3.81487258e+00
  3.81777919e+00,  5.58640719e-06,  3.32807399e+00,           2,    1.420000e-02,  6.602087e+01,  6.602087e+01,  1.187280e+03,  2.012205e+01,  1.405042e+06,  9.991848e-01,  2.799331e+01,  0.000000e+00,  2.799331e+01,  1.500000e-04,  3.81489016e+00
  3.81780238e+00,  5.58646126e-06,  3.32807957e+00,           2,    1.420000e-02,  6.602003e+01,  6.602003e+01,  1.194270e+03,  2.012205e+01,  1.404954e+06,  9.962408e-01,  2.799369e+01,  0.000000e+00,  2.799369e+01,  1.500000e-04,  3.81490774e+00
  3.81782558e+00,  5.58651532e-06,  3.32808516e+00,           2,    1.420000e-02,  6.601919e+01,  6.601919e+01,  1.201300e+03,  2.012205e+01,  1.404865e+06,  9.933055e-01,  2.799407e+01,  0.000000e+00,  2.799407e+01,  1.500000e-04,  3.81492533e+00
  3.81784878e+00,  5.58656939e-06,  3.32809074e+00,           2,    1.420000e-02,  6.601835e+01,  6.601835e+01,  1.208373e+03,  2.012205e+01,  1.404776e+06,  9.903787e-01,  2.799445e+01,  0.000000e+00,  2.799445e+01,  1.500000e-04,  3.81494291e+00
  3.81787198e+00,  5.58662346e-06,  3.32809633e+00,           2,    1.420000e-02,  6.601752e+01,  6.601752e+01,  1.215487e+03,  2.012205e+01,  1.404687e+06,  9.874606e-01,  2.799483e+01,  0.000000e+00,  2.799483e+01,  1.500000e-04,  3.81496049e+00
  3.81789518e+00,  5.58667753e-06,  3.32810192e+00,           2,    1.420000e-02,  6.601668e+01,  6.601668e+01,  1.222643e+03,  2.012205e+01,  1.404599e+06,  9.845511e-01,  2.799521e+01,  0.000000e+00,  2.799521e+01,  1.500000e-04,  3.81497807e+00
  3.81791838e+00,  5.58673161e-06,  3.32810750e+00,           2,    1.420000e-02,  6.601584e+01,  6.601584e+01,  1.229841e+03,  2.012205e+01,  1.404510e+06,  9.816502e-01,  2.799560e+01,  0.000000e+00,  2.799560e+01,  1.500000e-04,  3.81499566e+00
  3.81794158e+00,  5.58678569e-06,  3.32811309e+00,           2,    1.420000e-02,  6.601500e+01,  6.601500e+01,  1.237081e+03,  2.012205e+01,  1.404421e+06,  9.787577e-01,  2.799598e+01,  0.000000e+00,  2.799598e+01,  1.500000e-04,  3.81501324e+00
  3.81796478e+00,  5.58683977e-06,  3.32811868e+00,           2,    1.420000e-02,  6.601416e+01,  6.601416e+01,  1.244365e+03,  2.012205e+01,  1.404333e+06,  9.758738e-01,  2.799636e+01,  0.000000e+00,  2.799636e+01,  1.500000e-04,  3.81503083e+00
  3.81798798e+00,  5.58689385e-06,  3.32812427e+00,           2,    1.420000e-02,  6.601333e+01,  6.601333e+01,  1.251691e+03,  2.012205e+01,  1.404244e+06,  9.729984e-01,  2.799674e+01,  0.000000e+00,  2.799674e+01,  1.500000e-04,  3.81504842e+00
  3.81801119e+00,  5.58694793e-06,  3.32812985e+00,           2,    1.420000e-02,  6.601249e+01,  6.601249e+01,  1.259060e+03,  2.012205e+01,  1.404155e+06,  9.701314e-01,  2.799712e+01,  0.000000e+00,  2.799712e+01,  1.500000e-04,  3.81506601e+00
  3.81803439e+00,  5.58700202e-06,  3.32813544e+00,           2,    1.420000e-02,  6.601165e+01,  6.601165e+01,  1.266473e+03,  2.012205e+01,  1.404067e+06,  9.672729e-01,  2.799750e+01,  0.000000e+00,  2.799750e+01,  1.500000e-04,  3.81508359e+00
  3.81805760e+00,  5.58705611e-06,  3.32814103e+00,           2,    1.420000e-02,  6.601081e+01,  6.601081e+01,  1.273929e+03,  2.012205e+01,  1.403978e+06,  9.644228e-01,  2.799788e+01,  0.000000e+00,  2.799788e+01,  1.500000e-04,  3.81510118e+00
  3.81808080e+00,  5.58711020e-06,  3.32814661e+00,           2,    1.420000e-02,  6.600997e+01,  6.600997e+01,  1.281429e+03,  2.012205e+01,  1.403889e+06,  9.615811e-01,  2.799826e+01,  0.000000e+00,  2.799826e+01,  1.500000e-04,  3.81511877e+00
  3.81810401e+00,  5.58716429e-06,  3.32815220e+00,           2,    1.420000e-02,  6.600914e+01,  6.600914e+01,  1.288974e+03,  2.012205e+01,  1.403801e+06,  9.587477e-01,  2.799865e+01,  0.000000e+00,  2.799865e+01,  1.500000e-04,  3.81513636e+00
  3.81812722e+00,  5.58721839e-06,  3.32815779e+00,           2,    1.420000e-02,  6.600830e+01,  6.600830e+01,  1.296562e+03,  2.012205e+01,  1.403712e+06,  9.559227e-01,  2.799903e+01,  0.000000e+00,  2.799903e+01,  1.500000e-04,  3.81515395e+00
  3.81815042e+00,  5.58727249e-06,  3.32816338e+00,           2,    1.420000e-02,  6.600746e+01,  6.600746e+01,  1.304196e+03,  2.012205e+01,  1.403623e+06,  9.531060e-01,  2.799941e+01,  0.000000e+00,  2.799941e+01,  1.500000e-04,  3.81517155e+00
  3.81817363e+00,  5.58732659e-06,  3.32816896e+00,           2,    1.420000e-02,  6.600662e+01,  6.600662e+01,  1.311875e+03,  2.012205e+01,  1.403535e+06,  9.502976e-01,  2.799979e+01,  0.000000e+00,  2.799979e+01,  1.500000e-04,  3.81518914e+00
  3.81819684e+00,  5.58738069e-06,  3.32817455e+00,           2,    1.420000e-02,  6.600578e+01,  6.600578e+01,  1.319598e+03,  2.012205e+01,  1.403446e+06,  9.474974e-01,  2.800017e+01,  0.000000e+00,  2.800017e+01,  1.500000e-04,  3.81520673e+00
  3.81822006e+00,  5.58743480e-06,  3.32818014e+00,           2,    1.420000e-02,  6.600495e+01,  6.600495e+01,  1.327368e+03,  2.012205e+01,  1.403357e+06,  9.447055e-01,  2.800055e+01,  0.000000e+00,  2.800055e+01,  1.500000e-04,  3.81522433e+00
  3.81824327e+00,  5.58748890e-06,  3.32818572e+00,           2,    1.420000e-02,  6.600411e+01,  6.600411e+01,  1.335183e+03,  2.012205e+01,  1.403269e+06,  9.419218e-01,  2.800093e+01,  0.000000e+00,  2.800093e+01,  1.500000e-04,  3.81524192e+00
  3.81826648e+00,  5.58754301e-06,  3.32819131e+00,           2,    1.420000e-02,  6.600327e+01,  6.600327e+01,  1.343044e+03,  2.012205e+01,  1.403180e+06,  9.391463e-01,  2.800131e+01,  0.000000e+00,  2.800131e+01,  1.500000e-04,  3.81525952e+00
  3.81828970e+00,  5.58759712e-06,  3.32819690e+00,           2,    1.420000e-02,  6.600243e+01,  6.600243e+01,  1.350951e+03,  2.012205e+01,  1.403091e+06,  9.363789e-01,  2.800169e+01,  0.000000e+00,  2.800169e+01,  1.500000e-04,  3.81527711e+00
  3.81831291e+00,  5.58765124e-06,  3.32820249e+00,           2,    1.420000e-02,  6.600159e+01,  6.600159e+01,  1.358905e+03,  2.012205e+01,  1.403003e+06,  9.336197e-01,  2.800207e+01,  0.000000e+00,  2.800207e+01,  1.500000e-04,  3.81529471e+00
  3.81833613e+00,  5.58770535e-06,  3.32820808e+00,           2,    1.420000e-02,  6.600075e+01,  6.600075e+01,  1.366906e+03,  2.012205e+01,  1.402914e+06,  9.308686e-01,  2.800245e+01,  0.000000e+00,  2.800245e+01,  1.500000e-04,  3.81531231e+00
  3.81835934e+00,  5.58775947e-06,  3.32821366e+00,           2,    1.420000e-02,  6.599992e+01,  6.599992e+01,  1.374954e+03,  2.012205e+01,  1.402826e+06,  9.281257e-01,  2.800284e+01,  0.000000e+00,  2.800284e+01,  1.500000e-04,  3.81532991e+00
  3.81838256e+00,  5.58781359e-06,  3.32821925e+00,           2,    1.420000e-02,  6.599908e+01,  6.599908e+01,  1.383050e+03,  2.012205e+01,  1.402737e+06,  9.253908e-01,  2.800322e+01,  0.000000e+00,  2.800322e+01,  1.500000e-04,  3.81534751e+00
  3.81840578e+00,  5.58786772e-06,  3.32822484e+00,           2,    1.420000e-02,  6.599824e+01,  6.599824e+01,  1.391193e+03,  2.012205e+01,  1.402649e+06,  9.226639e-01,  2.800360e+01,  0.000000e+00,  2.800360e+01,  1.500000e-04,  3.81536511e+00
  3.81842900e+00,  5.58792184e-06,  3.32823043e+00,           2,    1.420000e-02,  6.599740e+01,  6.599740e+01,  1.399384e+03,  2.012205e+01,  1.402560e+06,  9.199451e-01,  2.800398e+01,  0.000000e+00,  2.800398e+01,  1.500000e-04,  3.81538271e+00
  3.81845222e+00,  5.58797597e-06,  3.32823601e+00,           2,    1.420000e-02,  6.599656e+01,  6.599656e+01,  1.407624e+03,  2.012205e+01,  1.402471e+06,  9.172342e-01,  2.800436e+01,  0.000000e+00,  2.800436e+01,  1.500000e-04,  3.81540031e+00
  3.81847544e+00,  5.58803010e-06,  3.32824160e+00,           2,    1.420000e-02,  6.599573e+01,  6.599573e+01,  1.415911e+03,  2.012205e+01,  1.402383e+06,  9.145314e-01,  2.800474e+01,  0.000000e+00,  2.800474e+01,  1.500000e-04,  3.81541791e+00
  3.81849866e+00,  5.58808423e-06,  3.32824719e+00,           2,    1.420000e-02,  6.599489e+01,  6.599489e+01,  1.424248e+03,  2.012205e+01,  1.402294e+06,  9.118364e-01,  2.800512e+01,  0.000000e+00,  2.800512e+01,  1.500000e-04,  3.81543552e+00
  3.81852188e+00,  5.58813837e-06,  3.32825278e+00,           2,    1.420000e-02,  6.599405e+01,  6.599405e+01,  1.432634e+03,  2.012205e+01,  1.402206e+06,  9.091495e-01,  2.800550e+01,  0.000000e+00,  2.800550e+01,  1.500000e-04,  3.81545312e+00
  3.81854510e+00,  5.58819250e-06,  3.32825837e+00,           2,    1.420000e-02,  6.599321e+01,  6.599321e+01,  1.441069e+03,  2.012205e+01,  1.402117e+06,  9.064704e-01,  2.800588e+01,  0.000000e+00,  2.800588e+01,  1.500000e-04,  3.81547073e+00
  3.81856833e+00,  5.58824664e-06,  3.32826396e+00,           2,    1.420000e-02,  6.599237e+01,  6.599237e+01,  1.449554e+03,  2.012205e+01,  1.402029e+06,  9.037992e-01,  2.800626e+01,  0.000000e+00,  2.800626e+01,  1.500000e-04,  3.81548833e+00
  3.81859155e+00,  5.58830079e-06,  3.32826954e+00,           2,    1.420000e-02,  6.599153e+01,  6.599153e+01,  1.458089e+03,  2.012205e+01,  1.401940e+06,  9.011359e-01,  2.800664e+01,  0.000000e+00,  2.800664e+01,  1.500000e-04,  3.81550594e+00
  3.81861478e+00,  5.58835493e-06,  3.32827513e+00,           2,    1.420000e-02,  6.599070e+01,  6.599070e+01,  1.466675e+03,  2.012205e+01,  1.401852e+06,  8.984804e-01,  2.800702e+01,  0.000000e+00,  2.800702e+01,  1.500000e-04,  3.81552354e+00
  3.81863801e+00,  5.58840907e-06,  3.32828072e+00,           2,    1.420000e-02,  6.598986e+01,  6.598986e+01,  1.475311e+03,  2.012205e+01,  1.401763e+06,  8.958327e-01,  2.800740e+01,  0.000000e+00,  2.800740e+01,  1.500000e-04,  3.81554115e+00
  3.81866123e+00,  5.58846322e-06,  3.32828631e+00,           2,    1.420000e-02,  6.598902e+01,  6.598902e+01,  1.483997e+03,  2.012205e+01,  1.401675e+06,  8.931929e-01,  2.800778e+01,  0.000000e+00,  2.800778e+01,  1.500000e-04,  3.81555876e+00
  3.81868446e+00,  5.58851737e-06,  3.32829190e+00,           2,    1.420000e-02,  6.598818e+01,  6.598818e+01,  1.492735e+03,  2.012205e+01,  1.401586e+06,  8.905608e-01,  2.800816e+01,  0.000000e+00,  2.800816e+01,  1.500000e-04,  3.81557637e+00
  3.81870769e+00,  5.58857153e-06,  3.32829749e+00,           2,    1.420000e-02,  6.598734e+01,  6.598734e+01,  1.501525e+03,  2.012205e+01,  1.401498e+06,  8.879364e-01,  2.800854e+01,  0.000000e+00,  2.800854e+01,  1.500000e-04,  3.81559398e+00
  3.81873092e+00,  5.58862568e-06,  3.32830307e+00,           2,    1.420000e-02,  6.598650e+01,  6.598650e+01,  1.510366e+03,  2.012205e+01,  1.401409e+06,  8.853198e-01,  2.800892e+01,  0.000000e+00,  2.800892e+01,  1.500000e-04,  3.81561159e+00
  3.81875415e+00,  5.58867984e-06,  3.32830866e+00,           2,    1.420000e-02,  6.598567e+01,  6.598567e+01,  1.519259e+03,  2.012205e+01,  1.401321e+06,  8.827108e-01,  2.800930e+01,  0.000000e+00,  2.800930e+01,  1.500000e-04,  3.81562920e+00
  3.81877738e+00,  5.58873400e-06,  3.32831425e+00,           2,    1.420000e-02,  6.598483e+01,  6.598483e+01,  1.528205e+03,  2.012205e+01,  1.401232e+06,  8.801096e-01,  2.800968e+01,  0.000000e+00,  2.800968e+01,  1.500000e-04,  3.81564681e+00
  3.81880062e+00,  5.58878816e-06,  3.32831984e+00,           2,    1.420000e-02,  6.598399e+01,  6.598399e+01,  1.537203e+03,  2.012205e+01,  1.401144e+06,  8.775160e-01,  2.801006e+01,  0.000000e+00,  2.801006e+01,  1.500000e-04,  3.81566443e+00
  3.81882385e+00,  5.58884233e-06,  3.32832543e+00,           2,    1.420000e-02,  6.598315e+01,  6.598315e+01,  1.546255e+03,  2.012205e+01,  1.401055e+06,  8.749300e-01,  2.801044e+01,  0.000000e+00,  2.801044e+01,  1.500000e-04,  3.81568204e+00
  3.81884709e+00,  5.58889649e-06,  3.32833102e+00,           2,    1.420000e-02,  6.598231e+01,  6.598231e+01,  1.555359e+03,  2.012205e+01,  1.400967e+06,  8.723516e-01,  2.801082e+01,  0.000000e+00,  2.801082e+01,  1.500000e-04,  3.81569965e+00
  3.81887032e+00,  5.58895066e-06,  3.32833661e+00,           2,    1.420000e-02,  6.598148e+01,  6.598148e+01,  1.564518e+03,  2.012205e+01,  1.400878e+06,  8.697809e-01,  2.801120e+01,  0.000000e+00,  2.801120e+01,  1.500000e-04,  3.81571727e+00
  3.81889356e+00,  5.58900483e-06,  3.32834220e+00,           2,    1.420000e-02,  6.598064e+01,  6.598064e+01,  1.573730e+03,  2.012205e+01,  1.400790e+06,  8.672177e-01,  2.801158e+01,  0.000000e+00,  2.801158e+01,  1.500000e-04,  3.81573489e+00
  3.81891679e+00,  5.58905901e-06,  3.32834779e+00,           2,    1.420000e-02,  6.597980e+01,  6.597980e+01,  1.582997e+03,  2.012205e+01,  1.400701e+06,  8.646620e-01,  2.801196e+01,  0.000000e+00,  2.801196e+01,  1.500000e-04,  3.81575250e+00
  3.81894003e+00,  5.58911318e-06,  3.32835337e+00,           2,    1.420000e-02,  6.597896e+01,  6.597896e+01,  1.592318e+03,  2.012205e+01,  1.400613e+06,  8.621139e-01,  2.801234e+01,  0.000000e+00,  2.801234e+01,  1.500000e-04,  3.81577012e+00
  3.81896327e+00,  5.58916736e-06,  3.32835896e+00,           2,    1.420000e-02,  6.597812e+01,  6.597812e+01,  1.601694e+03,  2.012205e+01,  1.400525e+06,  8.595732e-01,  2.801272e+01,  0.000000e+00,  2.801272e+01,  1.500000e-04,  3.81578774e+00
  3.81898651e+00,  5.58922154e-06,  3.32836455e+00,           2,    1.420000e-02,  6.597728e+01,  6.597728e+01,  1.611126e+03,  2.012205e+01,  1.400436e+06,  8.570400e-01,  2.801310e+01,  0.000000e+00,  2.801310e+01,  1.500000e-04,  3.81580536e+00
  3.81900975e+00,  5.58927572e-06,  3.32837014e+00,           2,    1.420000e-02,  6.597644e+01,  6.597644e+01,  1.620613e+03,  2.012205e+01,  1.400348e+06,  8.545143e-01,  2.801348e+01,  0.000000e+00,  2.801348e+01,  1.500000e-04,  3.81582298e+00
  3.81903299e+00,  5.58932991e-06,  3.32837573e+00,           2,    1.420000e-02,  6.597561e+01,  6.597561e+01,  1.630156e+03,  2.012205e+01,  1.400259e+06,  8.519961e-01,  2.801386e+01,  0.000000e+00,  2.801386e+01,  1.500000e-04,  3.81584060e+00
  3.81905623e+00,  5.58938409e-06,  3.32838132e+00,           2,    1.420000e-02,  6.597477e+01,  6.597477e+01,  1.639755e+03,  2.012205e+01,  1.400171e+06,  8.494852e-01,  2.801424e+01,  0.000000e+00,  2.801424e+01,  1.500000e-04,  3.81585822e+00
  3.81907948e+00,  5.58943828e-06,  3.32838691e+00,           2,    1.420000e-02,  6.597393e+01,  6.597393e+01,  1.649410e+03,  2.012205e+01,  1.400083e+06,  8.469817e-01,  2.801462e+01,  0.000000e+00,  2.801462e+01,  1.500000e-04,  3.81587584e+00
  3.81910272e+00,  5.58949247e-06,  3.32839250e+00,           2,    1.420000e-02,  6.597309e+01,  6.597309e+01,  1.659123e+03,  2.012205e+01,  1.399994e+06,  8.444856e-01,  2.801500e+01,  0.000000e+00,  2.801500e+01,  1.500000e-04,  3.81589346e+00
  3.81912597e+00,  5.58954667e-06,  3.32839809e+00,           2,    1.420000e-02,  6.597225e+01,  6.597225e+01,  1.668893e+03,  2.012205e+01,  1.399906e+06,  8.419969e-01,  2.801538e+01,  0.000000e+00,  2.801538e+01,  1.500000e-04,  3.81591109e+00
  3.81914921e+00,  5.58960087e-06,  3.32840368e+00,           2,    1.420000e-02,  6.597141e+01,  6.597141e+01,  1.678720e+03,  2.012205e+01,  1.399817e+06,  8.395154e-01,  2.801576e+01,  0.000000e+00,  2.801576e+01,  1.500000e-04,  3.81592871e+00
  3.81917246e+00,  5.58965506e-06,  3.32840927e+00,           2,    1.420000e-02,  6.597058e+01,  6.597058e+01,  1.688606e+03,  2.012205e+01,  1.399729e+06,  8.370413e-01,  2.801614e+01,  0.000000e+00,  2.801614e+01,  1.500000e-04,  3.81594634e+00
  3.81919570e+00,  5.58970926e-06,  3.32841486e+00,           2,    1.420000e-02,  6.596974e+01,  6.596974e+01,  1.698549e+03,  2.012205e+01,  1.399641e+06,  8.345745e-01,  2.801652e+01,  0.000000e+00,  2.801652e+01,  1.500000e-04,  3.81596396e+00
  3.81921895e+00,  5.58976347e-06,  3.32842045e+00,           2,    1.420000e-02,  6.596890e+01,  6.596890e+01,  1.708551e+03,  2.012205e+01,  1.399552e+06,  8.321149e-01,  2.801690e+01,  0.000000e+00,  2.801690e+01,  1.500000e-04,  3.81598159e+00
  3.81924220e+00,  5.58981767e-06,  3.32842604e+00,           2,    1.420000e-02,  6.596806e+01,  6.596806e+01,  1.718612e+03,  2.012205e+01,  1.399464e+06,  8.296625e-01,  2.801728e+01,  0.000000e+00,  2.801728e+01,  1.500000e-04,  3.81599922e+00
  3.81926545e+00,  5.58987188e-06,  3.32843163e+00,           2,    1.420000e-02,  6.596722e+01,  6.596722e+01,  1.728733e+03,  2.012205e+01,  1.399376e+06,  8.272174e-01,  2.801766e+01,  0.000000e+00,  2.801766e+01,  1.500000e-04,  3.81601684e+00
  3.81928870e+00,  5.58992609e-06,  3.32843722e+00,           2,    1.420000e-02,  6.596638e+01,  6.596638e+01,  1.738913e+03,  2.012205e+01,  1.399287e+06,  8.247795e-01,  2.801804e+01,  0.000000e+00,  2.801804e+01,  1.500000e-04,  3.81603447e+00
  3.81931195e+00,  5.58998030e-06,  3.32844281e+00,           2,    1.420000e-02,  6.596554e+01,  6.596554e+01,  1.749153e+03,  2.012205e+01,  1.399199e+06,  8.223487e-01,  2.801842e+01,  0.000000e+00,  2.801842e+01,  1.500000e-04,  3.81605210e+00
  3.81933521e+00,  5.59003452e-06,  3.32844840e+00,           2,    1.420000e-02,  6.596471e+01,  6.596471e+01,  1.759453e+03,  2.012205e+01,  1.399111e+06,  8.199251e-01,  2.801880e+01,  0.000000e+00,  2.801880e+01,  1.500000e-04,  3.81606973e+00
  3.81935846e+00,  5.59008873e-06,  3.32845399e+00,           2,    1.420000e-02,  6.596387e+01,  6.596387e+01,  1.769814e+03,  2.012205e+01,  1.399022e+06,  8.175086e-01,  2.801918e+01,  0.000000e+00,  2.801918e+01,  1.500000e-04,  3.81608736e+00
  3.81938171e+00,  5.59014295e-06,  3.32845958e+00,           2,    1.420000e-02,  6.596303e+01,  6.596303e+01,  1.780236e+03,  2.012205e+01,  1.398934e+06,  8.150993e-01,  2.801956e+01,  0.000000e+00,  2.801956e+01,  1.500000e-04,  3.81610499e+00
  3.81940497e+00,  5.59019718e-06,  3.32846517e+00,           2,    1.420000e-02,  6.596219e+01,  6.596219e+01,  1.790720e+03,  2.012205e+01,  1.398846e+06,  8.126970e-01,  2.801994e+01,  0.000000e+00,  2.801994e+01,  1.500000e-04,  3.81612263e+00
  3.81942823e+00,  5.59025140e-06,  3.32847076e+00,           2,    1.420000e-02,  6.596135e+01,  6.596135e+01,  1.801265e+03,  2.012205e+01,  1.398758e+06,  8.103018e-01,  2.802031e+01,  0.000000e+00,  2.802031e+01,  1.500000e-04,  3.81614026e+00
  3.81945148e+00,  5.59030562e-06,  3.32847635e+00,           2,    1.420000e-02,  6.596051e+01,  6.596051e+01,  1.811872e+03,  2.012205e+01,  1.398669e+06,  8.079137e-01,  2.802069e+01,  0.000000e+00,  2.802069e+01,  1.500000e-04,  3.81615789e+00
  3.81947474e+00,  5.59035985e-06,  3.32848194e+00,           2,    1.420000e-02,  6.595968e+01,  6.595968e+01,  1.822542e+03,  2.012205e+01,  1.398581e+06,  8.055325e-01,  2.802107e+01,  0.000000e+00,  2.802107e+01,  1.500000e-04,  3.81617553e+00
  3.81949800e+00,  5.59041408e-06,  3.32848753e+00,           2,    1.420000e-02,  6.595884e+01,  6.595884e+01,  1.833275e+03,  2.012205e+01,  1.398493e+06,  8.031584e-01,  2.802145e+01,  0.000000e+00,  2.802145e+01,  1.500000e-04,  3.81619316e+00
  3.81952126e+00,  5.59046832e-06,  3.32849312e+00,           2,    1.420000e-02,  6.595800e+01,  6.595800e+01,  1.844071e+03,  2.012205e+01,  1.398404e+06,  8.007913e-01,  2.802183e+01,  0.000000e+00,  2.802183e+01,  1.500000e-04,  3.81621080e+00
  3.81954452e+00,  5.59052255e-06,  3.32849871e+00,           2,    1.420000e-02,  6.595716e+01,  6.595716e+01,  1.854931e+03,  2.012205e+01,  1.398316e+06,  7.984312e-01,  2.802221e+01,  0.000000e+00,  2.802221e+01,  1.500000e-04,  3.81622844e+00
  3.81956778e+00,  5.59057679e-06,  3.32850430e+00,           2,    1.420000e-02,  6.595632e+01,  6.595632e+01,  1.865855e+03,  2.012205e+01,  1.398228e+06,  7.960780e-01,  2.802259e+01,  0.000000e+00,  2.802259e+01,  1.500000e-04,  3.81624607e+00
  3.81959104e+00,  5.59063103e-06,  3.32850989e+00,           2,    1.420000e-02,  6.595548e+01,  6.595548e+01,  1.876843e+03,  2.012205e+01,  1.398140e+06,  7.937317e-01,  2.802297e+01,  0.000000e+00,  2.802297e+01,  1.500000e-04,  3.81626371e+00
  3.81961430e+00,  5.59068527e-06,  3.32851548e+00,           2,    1.420000e-02,  6.595464e+01,  6.595464e+01,  1.887895e+03,  2.012205e+01,  1.398051e+06,  7.913923e-01,  2.802335e+01,  0.000000e+00,  2.802335e+01,  1.500000e-04,  3.81628135e+00
  3.81963757e+00,  5.59073952e-06,  3.32852107e+00,           2,    1.420000e-02,  6.595381e+01,  6.595381e+01,  1.899013e+03,  2.012205e+01,  1.397963e+06,  7.890598e-01,  2.802373e+01,  0.000000e+00,  2.802373e+01,  1.500000e-04,  3.81629899e+00
  3.81966083e+00,  5.59079376e-06,  3.32852666e+00,           2,    1.420000e-02,  6.595297e+01,  6.595297e+01,  1.910197e+03,  2.012205e+01,  1.397875e+06,  7.867342e-01,  2.802411e+01,  0.000000e+00,  2.802411e+01,  1.500000e-04,  3.81631663e+00
  3.81968410e+00,  5.59084801e-06,  3.32853225e+00,           2,    1.420000e-02,  6.595213e+01,  6.595213e+01,  1.921446e+03,  2.012205e+01,  1.397787e+06,  7.844154e-01,  2.802448e+01,  0.000000e+00,  2.802448e+01,  1.500000e-04,  3.81633427e+00
  3.81970736e+00,  5.59090226e-06,  3.32853785e+00,           2,    1.420000e-02,  6.595129e+01,  6.595129e+01,  1.932762e+03,  2.012205e+01,  1.397698e+06,  7.821035e-01,  2.802486e+01,  0.000000e+00,  2.802486e+01,  1.500000e-04,  3.81635192e+00
  3.81973063e+00,  5.59095652e-06,  3.32854344e+00,           2,    1.420000e-02,  6.595045e+01,  6.595045e+01,  1.944144e+03,  2.012205e+01,  1.397610e+06,  7.797983e-01,  2.802524e+01,  0.000000e+00,  2.802524e+01,  1.500000e-04,  3.81636956e+00
  3.81975390e+00,  5.59101077e-06,  3.32854903e+00,           2,    1.420000e-02,  6.594961e+01,  6.594961e+01,  1.955594e+03,  2.012205e+01,  1.397522e+06,  7.775000e-01,  2.802562e+01,  0.000000e+00,  2.802562e+01,  1.500000e-04,  3.81638720e+00
  3.81977717e+00,  5.59106503e-06,  3.32855462e+00,           2,    1.420000e-02,  6.594877e+01,  6.594877e+01,  1.967110e+03,  2.012205e+01,  1.397434e+06,  7.752084e-01,  2.802600e+01,  0.000000e+00,  2.802600e+01,  1.500000e-04,  3.81640485e+00
  3.81980044e+00,  5.59111929e-06,  3.32856021e+00,           2,    1.420000e-02,  6.594793e+01,  6.594793e+01,  1.978695e+03,  2.012205e+01,  1.397346e+06,  7.729235e-01,  2.802638e+01,  0.000000e+00,  2.802638e+01,  1.500000e-04,  3.81642249e+00
  3.81982371e+00,  5.59117355e-06,  3.32856580e+00,           2,    1.420000e-02,  6.594710e+01,  6.594710e+01,  1.990348e+03,  2.012205e+01,  1.397258e+06,  7.706454e-01,  2.802676e+01,  0.000000e+00,  2.802676e+01,  1.500000e-04,  3.81644014e+00
  3.81984698e+00,  5.59122782e-06,  3.32857139e+00,           2,    1.420000e-02,  6.594626e+01,  6.594626e+01,  2.002070e+03,  2.012205e+01,  1.397169e+06,  7.683740e-01,  2.802714e+01,  0.000000e+00,  2.802714e+01,  1.500000e-04,  3.81645779e+00
  3.81987025e+00,  5.59128209e-06,  3.32857698e+00,           2,    1.420000e-02,  6.594542e+01,  6.594542e+01,  2.013861e+03,  2.012205e+01,  1.397081e+06,  7.661092e-01,  2.802752e+01,  0.000000e+00,  2.802752e+01,  1.500000e-04,  3.81647543e+00
  3.81989352e+00,  5.59133635e-06,  3.32858257e+00,           2,    1.420000e-02,  6.594458e+01,  6.594458e+01,  2.025721e+03,  2.012205e+01,  1.396993e+06,  7.638512e-01,  2.802789e+01,  0.000000e+00,  2.802789e+01,  1.500000e-04,  3.81649308e+00
  3.81991680e+00,  5.59139063e-06,  3.32858817e+00,           2,    1.420000e-02,  6.594374e+01,  6.594374e+01,  2.037651e+03,  2.012205e+01,  1.396905e+06,  7.615997e-01,  2.802827e+01,  0.000000e+00,  2.802827e+01,  1.500000e-04,  3.81651073e+00
  3.81994007e+00,  5.59144490e-06,  3.32859376e+00,           2,    1.420000e-02,  6.594290e+01,  6.594290e+01,  2.049652e+03,  2.012205e+01,  1.396817e+06,  7.593550e-01,  2.802865e+01,  0.000000e+00,  2.802865e+01,  1.500000e-04,  3.81652838e+00
  3.81996335e+00,  5.59149918e-06,  3.32859935e+00,           2,    1.420000e-02,  6.594206e+01,  6.594206e+01,  2.061723e+03,  2.012205e+01,  1.396729e+06,  7.571168e-01,  2.802903e+01,  0.000000e+00,  2.802903e+01,  1.500000e-04,  3.81654603e+00
  3.81998663e+00,  5.59146814e-06,  3.32860494e+00,           2,    1.420000e-02,  6.594123e+01,  6.594123e+01,  2.073865e+03,  2.012205e+01,  1.396640e+06,  7.548852e-01,  2.802941e+01,  0.000000e+00,  2.802941e+01,  1.500000e-04,  3.81656368e+00
  3.82000917e+00,  5.41678734e-06,  3.32861036e+00,           2,    1.420000e-02,  6.594041e+01,  6.594041e+01,  2.085695e+03,  2.012205e+01,  1.396554e+06,  7.527296e-01,  2.802976e+01,  0.000000e+00,  2.802976e+01,  1.500000e-04,  3.81658133e+00
  3.82003102e+00,  5.24756208e-06,  3.32861561e+00,           2,    1.420000e-02,  6.593963e+01,  6.593963e+01,  2.097220e+03,  2.012205e+01,  1.396470e+06,  7.506473e-01,  2.803010e+01,  0.000000e+00,  2.803010e+01,  1.500000e-04,  3.81659843e+00
  3.82005218e+00,  5.08362209e-06,  3.32862069e+00,           2,    1.420000e-02,  6.593886e+01,  6.593886e+01,  2.108446e+03,  2.012205e+01,  1.396389e+06,  7.486355e-01,  2.803043e+01,  0.000000e+00,  2.803043e+01,  1.500000e-04,  3.81661500e+00
  3.82007269e+00,  4.92480236e-06,  3.32862561e+00,           2,    1.420000e-02,  6.593812e+01,  6.593812e+01,  2.119378e+03,  2.012205e+01,  1.396311e+06,  7.466917e-01,  2.803075e+01,  0.000000e+00,  2.803075e+01,  1.500000e-04,  3.81663105e+00
  3.82009255e+00,  4.77094308e-06,  3.32863038e+00,           2,    1.420000e-02,  6.593741e+01,  6.593741e+01,  2.130022e+03,  2.012205e+01,  1.396235e+06,  7.448135e-01,  2.803106e+01,  0.000000e+00,  2.803106e+01,  1.500000e-04,  3.81664660e+00
  3.82013104e+00,  9.24377880e-06,  3.32863963e+00,           2,    1.420000e-02,  6.593602e+01,  6.593602e+01,  2.150819e+03,  2.012205e+01,  1.396115e+06,  7.411880e-01,  2.803207e+01,  0.000000e+00,  2.803207e+01,  1.500000e-04,  3.81666166e+00
  3.82016712e+00,  8.66618172e-06,  3.32864829e+00,           2,    1.420000e-02,  6.593472e+01,  6.593472e+01,  2.170480e+03,  2.012205e+01,  1.395975e+06,  7.378049e-01,  2.803261e+01,  0.000000e+00,  2.803261e+01,  1.500000e-04,  3.81669085e+00
  3.82020095e+00,  8.12466762e-06,  3.32865642e+00,           2,    1.420000e-02,  6.593350e+01,  6.593350e+01,  2.189075e+03,  2.012205e+01,  1.395844e+06,  7.346473e-01,  2.803311e+01,  0.000000e+00,  2.803311e+01,  1.500000e-04,  3.81671822e+00
  3.82023267e+00,  7.61698336e-06,  3.32866404e+00,           2,    1.420000e-02,  6.593236e+01,  6.593236e+01,  2.206653e+03,  2.012205e+01,  1.395721e+06,  7.316993e-01,  2.803358e+01,  0.000000e+00,  2.803358e+01,  1.500000e-04,  3.81674387e+00
  3.82026240e+00,  7.14101635e-06,  3.32867118e+00,           2,    1.420000e-02,  6.593129e+01,  6.593129e+01,  2.223260e+03,  2.012205e+01,  1.395606e+06,  7.289463e-01,  2.803402e+01,  0.000000e+00,  2.803402e+01,  1.500000e-04,  3.81676793e+00
  3.82029028e+00,  6.69478585e-06,  3.32867787e+00,           2,    1.420000e-02,  6.593029e+01,  6.593029e+01,  2.238943e+03,  2.012205e+01,  1.395498e+06,  7.263748e-01,  2.803444e+01,  0.000000e+00,  2.803444e+01,  1.500000e-04,  3.81679048e+00
  3.82031642e+00,  6.27643471e-06,  3.32868415e+00,           2,    1.420000e-02,  6.592934e+01,  6.592934e+01,  2.253747e+03,  2.012205e+01,  1.395397e+06,  7.239722e-01,  2.803482e+01,  0.000000e+00,  2.803482e+01,  1.500000e-04,  3.81681162e+00
  3.82034245e+00,  6.25000000e-06,  3.32869040e+00,           2,    1.420000e-02,  6.592841e+01,  6.592841e+01,  2.268587e+03,  2.012205e+01,  1.395298e+06,  7.215876e-01,  2.803524e+01,  0.000000e+00,  2.803524e+01,  1.500000e-04,  3.81683145e+00
  3.82036848e+00,  6.25000000e-06,  3.32869665e+00,           2,    1.420000e-02,  6.592747e+01,  6.592747e+01,  2.283524e+03,  2.012205e+01,  1.395200e+06,  7.192109e-01,  2.803567e+01,  0.000000e+00,  2.803567e+01,  1.500000e-04,  3.81685119e+00
  3.82039451e+00,  6.25000000e-06,  3.32870290e+00,           2,    1.420000e-02,  6.592653e+01,  6.592653e+01,  2.298560e+03,  2.012205e+01,  1.395101e+06,  7.168421e-01,  2.803609e+01,  0.000000e+00,  2.803609e+01,  1.500000e-04,  3.81687093e+00
  3.82042054e+00,  6.25000000e-06,  3.32870915e+00,           2,    1.420000e-02,  6.592559e+01,  6.592559e+01,  2.313695e+03,  2.012205e+01,  1.395003e+06,  7.144810e-01,  2.803651e+01,  0.000000e+00,  2.803651e+01,  1.500000e-04,  3.81689067e+00
  3.82044657e+00,  6.25000000e-06,  3.32871540e+00,           2,    1.420000e-02,  6.592466e+01,  6.592466e+01,  2.328930e+03,  2.012205e+01,  1.394905e+06,  7.121278e-01,  2.803693e+01,  0.000000e+00,  2.803693e+01,  1.500000e-04,  3.81691041e+00
  3.82047260e+00,  6.25000000e-06,  3.32872165e+00,           2,    1.420000e-02,  6.592372e+01,  6.592372e+01,  2.344264e+03,  2.012205e+01,  1.394806e+06,  7.097823e-01,  2.803736e+01,  0.000000e+00,  2.803736e+01,  1.500000e-04,  3.81693016e+00
  3.82049863e+00,  6.25000000e-06,  3.32872790e+00,           2,    1.420000e-02,  6.592278e+01,  6.592278e+01,  2.359700e+03,  2.012205e+01,  1.394708e+06,  7.074446e-01,  2.803778e+01,  0.000000e+00,  2.803778e+01,  1.500000e-04,  3.81694990e+00
  3.82052467e+00,  6.25000000e-06,  3.32873415e+00,           2,    1.420000e-02,  6.592184e+01,  6.592184e+01,  2.375237e+03,  2.012205e+01,  1.394610e+06,  7.051146e-01,  2.803820e+01,  0.000000e+00,  2.803820e+01,  1.500000e-04,  3.81696964e+00
  3.82055070e+00,  6.25000000e-06,  3.32874040e+00,           2,    1.420000e-02,  6.592091e+01,  6.592091e+01,  2.390876e+03,  2.012205e+01,  1.394511e+06,  7.027922e-01,  2.803862e+01,  0.000000e+00,  2.803862e+01,  1.500000e-04,  3.81698939e+00
  3.82057674e+00,  6.25000000e-06,  3.32874665e+00,           2,    1.420000e-02,  6.591997e+01,  6.591997e+01,  2.406618e+03,  2.012205e+01,  1.394413e+06,  7.004776e-01,  2.803904e+01,  0.000000e+00,  2.803904e+01,  1.500000e-04,  3.81700914e+00
  3.82060278e+00,  6.25000000e-06,  3.32875290e+00,           2,    1.420000e-02,  6.591903e+01,  6.591903e+01,  2.422464e+03,  2.012205e+01,  1.394315e+06,  6.981706e-01,  2.803947e+01,  0.000000e+00,  2.803947e+01,  1.500000e-04,  3.81702888e+00
  3.82062881e+00,  6.25000000e-06,  3.32875915e+00,           2,    1.420000e-02,  6.591809e+01,  6.591809e+01,  2.438414e+03,  2.012205e+01,  1.394216e+06,  6.958711e-01,  2.803989e+01,  0.000000e+00,  2.803989e+01,  1.500000e-04,  3.81704863e+00
  3.82065485e+00,  6.25000000e-06,  3.32876540e+00,           2,    1.420000e-02,  6.591716e+01,  6.591716e+01,  2.454469e+03,  2.012205e+01,  1.394118e+06,  6.935793e-01,  2.804031e+01,  0.000000e+00,  2.804031e+01,  1.500000e-04,  3.81706838e+00
  3.82068089e+00,  6.25000000e-06,  3.32877165e+00,           2,    1.420000e-02,  6.591622e+01,  6.591622e+01,  2.470629e+03,  2.012205e+01,  1.394020e+06,  6.912950e-01,  2.804073e+01,  0.000000e+00,  2.804073e+01,  1.500000e-04,  3.81708813e+00
  3.82068754e+00,  1.00000000e-04,  3.32887165e+00,           4,    1.420000e-02,  6.591622e+01,  6.590122e+01,  2.487955e+03,  2.012205e+01,  1.393918e+06,  6.888712e-01,  2.804122e+01,  0.000000e+00,  2.804122e+01,  1.500000e-04,  3.81710788e+00
  3.82149407e+00,  8.06525483e-04,  3.32967817e+00,           4,    1.420000e-02,  6.591622e+01,  6.578024e+01,  2.488254e+03,  2.012205e+01,  1.393918e+06,  6.888298e-01,  2.805184e+01,  0.000000e+00,  2.805184e+01,  1.500000e-04,  3.81710788e+00
  3.82230059e+00,  8.06525483e-04,  3.33048470e+00,           4,    1.420000e-02,  6.591622e+01,  6.565926e+01,  2.489881e+03,  2.012205e+01,  1.393918e+06,  6.886047e-01,  2.806247e+01,  0.000000e+00,  2.806247e+01,  1.500000e-04,  3.81710788e+00
  3.82310712e+00,  8.06525483e-04,  3.33129122e+00,           4,    1.420000e-02,  6.591622e+01,  6.553828e+01,  2.491512e+03,  2.012205e+01,  1.393918e+06,  6.883794e-01,  2.807310e+01,  0.000000e+00,  2.807310e+01,  1.500000e-04,  3.81710788e+00
  3.82391365e+00,  8.06525483e-04,  3.33209775e+00,           4,    1.420000e-02,  6.591622e+01,  6.541730e+01,  2.493145e+03,  2.012205e+01,  1.393919e+06,  6.881540e-01,  2.808372e+01,  0.000000e+00,  2.808372e+01,  1.500000e-04,  3.81710788e+00
  3.82472017e+00,  8.06525483e-04,  3.33290428e+00,           4,    1.420000e-02,  6.591622e+01,  6.529632e+01,  2.494782e+03,  2.012205e+01,  1.393921e+06,  6.879284e-01,  2.809435e+01,  0.000000e+00,  2.809435e+01,  1.500000e-04,  3.81710788e+00
  3.82552670e+00,  8.06525483e-04,  3.33371080e+00,           4,    1.420000e-02,  6.591622e+01,  6.517535e+01,  2.496422e+03,  2.012205e+01,  1.393923e+06,  6.877026e-01,  2.810498e+01,  0.000000e+00,  2.810498e+01,  1.500000e-04,  3.81710788e+00
  3.82633322e+00,  8.06525483e-04,  3.33451733e+00,           4,    1.420000e-02,  6.591622e+01,  6.505437e+01,  2.498065e+03,  2.012205e+01,  1.393925e+06,  6.874767e-01,  2.811560e+01,  0.000000e+00,  2.811560e+01,  1.500000e-04,  3.81710788e+00
  3.82713975e+00,  8.06525483e-04,  3.33532385e+00,           4,    1.420000e-02,  6.591622e+01,  6.493339e+01,  2.499712e+03,  2.012205e+01,  1.393928e+06,  6.872506e-01,  2.812623e+01,  0.000000e+00,  2.812623e+01,  1.500000e-04,  3.81710788e+00
  3.82794627e+00,  8.06525483e-04,  3.33613038e+00,           4,    1.420000e-02,  6.591622e+01,  6.481241e+01,  2.501362e+03,  2.012205e+01,  1.393931e+06,  6.870243e-01,  2.813686e+01,  0.000000e+00,  2.813686e+01,  1.500000e-04,  3.81710788e+00
  3.82875280e+00,  8.06525483e-04,  3.33693690e+00,           4,    1.420000e-02,  6.591622e+01,  6.469143e+01,  2.503015e+03,  2.012205e+01,  1.393935e+06,  6.867978e-01,  2.814748e+01,  0.000000e+00,  2.814748e+01,  1.500000e-04,  3.81710788e+00
  3.82955932e+00,  8.06525483e-04,  3.33774343e+00,           4,    1.420000e-02,  6.591622e+01,  6.457045e+01,  2.504672e+03,  2.012205e+01,  1.393940e+06,  6.865712e-01,  2.815811e+01,  0.000000e+00,  2.815811e+01,  1.500000e-04,  3.81710788e+00
  3.83036585e+00,  8.06525483e-04,  3.33854995e+00,           4,    1.420000e-02,  6.591622e+01,  6.444947e+01,  2.506333e+03,  2.012205e+01,  1.393945e+06,  6.863444e-01,  2.816874e+01,  0.000000e+00,  2.816874e+01,  1.500000e-04,  3.81710788e+00
  3.83117237e+00,  8.06525483e-04,  3.33935648e+00,           4,    1.420000e-02,  6.591622e+01,  6.432849e+01,  2.507997e+03,  2.012205e+01,  1.393952e+06,  6.861174e-01,  2.817937e+01,  0.000000e+00,  2.817937e+01,  1.500000e-04,  3.81710788e+00
  3.83197890e+00,  8.06525483e-04,  3.34016301e+00,           4,    1.420000e-02,  6.591622e+01,  6.420752e+01,  2.509665e+03,  2.012205e+01,  1.393959e+06,  6.858902e-01,  2.818999e+01,  0.000000e+00,  2.818999e+01,  1.500000e-04,  3.81710788e+00
  3.83278543e+00,  8.06525483e-04,  3.34096953e+00,           4,    1.420000e-02,  6.591622e+01,  6.408654e+01,  2.511336e+03,  2.012205e+01,  1.393966e+06,  6.856629e-01,  2.820062e+01,  0.000000e+00,  2.820062e+01,  1.500000e-04,  3.81710788e+00
  3.83359195e+00,  8.06525483e-04,  3.34177606e+00,           4,    1.420000e-02,  6.591622e+01,  6.396556e+01,  2.513011e+03,  2.012205e+01,  1.393975e+06,  6.854354e-01,  2.821125e+01,  0.000000e+00,  2.821125e+01,  1.500000e-04,  3.81710788e+00
  3.83439848e+00,  8.06525483e-04,  3.34258258e+00,           4,    1.420000e-02,  6.591622e+01,  6.384458e+01,  2.514690e+03,  2.012205e+01,  1.393984e+06,  6.852077e-01,  2.822187e+01,  0.000000e+00,  2.822187e+01,  1.500000e-04,  3.81710788e+00
  3.83520500e+00,  8.06525483e-04,  3.34338911e+00,           4,    1.420000e-02,  6.591622e+01,  6.372360e+01,  2.516373e+03,  2.012205e+01,  1.393994e+06,  6.849798e-01,  2.823250e+01,  0.000000e+00,  2.823250e+01,  1.500000e-04,  3.81710788e+00
  3.83601153e+00,  8.06525483e-04,  3.34419563e+00,           4,    1.420000e-02,  6.591622e+01,  6.360262e+01,  2.518059e+03,  2.012205e+01,  1.394005e+06,  6.847517e-01,  2.824313e+01,  0.000000e+00,  2.824313e+01,  1.500000e-04,  3.81710788e+00
  3.83681805e+00,  8.06525483e-04,  3.34500216e+00,           4,    1.420000e-02,  6.591622e+01,  6.348164e+01,  2.519750e+03,  2.012205e+01,  1.394018e+06,  6.845235e-01,  2.825375e+01,  0.000000e+00,  2.825375e+01,  1.500000e-04,  3.81710788e+00
  3.83762458e+00,  8.06525483e-04,  3.34580868e+00,           4,    1.420000e-02,  6.591622e+01,  6.336066e+01,  2.521444e+03,  2.012205e+01,  1.394030e+06,  6.842951e-01,  2.826438e+01,  0.000000e+00,  2.826438e+01,  1.500000e-04,  3.81710788e+00
  3.83843110e+00,  8.06525483e-04,  3.34661521e+00,           4,    1.420000e-02,  6.591622e+01,  6.323968e+01,  2.523142e+03,  2.012205e+01,  1.394044e+06,  6.840665e-01,  2.827501e+01,  0.000000e+00,  2.827501e+01,  1.500000e-04,  3.81710788e+00
  3.83923763e+00,  8.06525483e-04,  3.34742173e+00,           4,    1.420000e-02,  6.591622e+01,  6.311871e+01,  2.524844e+03,  2.012205e+01,  1.394059e+06,  6.838377e-01,  2.828563e+01,  0.000000e+00,  2.828563e+01,  1.500000e-04,  3.81710788e+00
  3.84004416e+00,  8.06525483e-04,  3.34822826e+00,           4,    1.420000e-02,  6.591622e+01,  6.299773e+01,  2.526549e+03,  2.012205e+01,  1.394075e+06,  6.836088e-01,  2.829626e+01,  0.000000e+00,  2.829626e+01,  1.500000e-04,  3.81710788e+00
  3.84085068e+00,  8.06525483e-04,  3.34903479e+00,           4,    1.420000e-02,  6.591622e+01,  6.287675e+01,  2.528259e+03,  2.012205e+01,  1.394092e+06,  6.833797e-01,  2.830689e+01,  0.000000e+00,  2.830689e+01,  1.500000e-04,  3.81710788e+00
  3.84165721e+00,  8.06525483e-04,  3.34984131e+00,           4,    1.420000e-02,  6.591622e+01,  6.275577e+01,  2.529973e+03,  2.012205e+01,  1.394110e+06,  6.831504e-01,  2.831751e+01,  0.000000e+00,  2.831751e+01,  1.500000e-04,  3.81710788e+00
  3.84246373e+00,  8.06525483e-04,  3.35064784e+00,           4,    1.420000e-02,  6.591622e+01,  6.263479e+01,  2.531691e+03,  2.012205e+01,  1.394129e+06,  6.829209e-01,  2.832814e+01,  0.000000e+00,  2.832814e+01,  1.500000e-04,  3.81710788e+00
  3.84327026e+00,  8.06525483e-04,  3.35145436e+00,           4,    1.420000e-02,  6.591622e+01,  6.251381e+01,  2.533413e+03,  2.012205e+01,  1.394149e+06,  6.826912e-01,  2.833877e+01,  0.000000e+00,  2.833877e+01,  1.500000e-04,  3.81710788e+00
  3.84407678e+00,  8.06525483e-04,  3.35226089e+00,           4,    1.420000e-02,  6.591622e+01,  6.239283e+01,  2.535139e+03,  2.012205e+01,  1.394171e+06,  6.824614e-01,  2.834939e+01,  0.000000e+00,  2.834939e+01,  1.500000e-04,  3.81710788e+00
  3.84488331e+00,  8.06525483e-04,  3.35306741e+00,           4,    1.420000e-02,  6.591622e+01,  6.227185e+01,  2.536869e+03,  2.012205e+01,  1.394193e+06,  6.822314e-01,  2.836002e+01,  0.000000e+00,  2.836002e+01,  1.500000e-04,  3.81710788e+00
  3.84568983e+00,  8.06525483e-04,  3.35387394e+00,           4,    1.420000e-02,  6.591622e+01,  6.215088e+01,  2.538603e+03,  2.012205e+01,  1.394216e+06,  6.820012e-01,  2.837065e+01,  0.000000e+00,  2.837065e+01,  1.500000e-04,  3.81710788e+00
  3.84649636e+00,  8.06525483e-04,  3.35468046e+00,           4,    1.420000e-02,  6.591622e+01,  6.202990e+01,  2.540342e+03,  2.012205e+01,  1.394241e+06,  6.817708e-01,  2.838127e+01,  0.000000e+00,  2.838127e+01,  1.500000e-04,  3.81710788e+00
  3.84730288e+00,  8.06525483e-04,  3.35548699e+00,           4,    1.420000e-02,  6.591622e+01,  6.190892e+01,  2.542084e+03,  2.012205e+01,  1.394267e+06,  6.815402e-01,  2.839190e+01,  0.000000e+00,  2.839190e+01,  1.500000e-04,  3.81710788e+00
  3.84810941e+00,  8.06525483e-04,  3.35629351e+00,           4,    1.420000e-02,  6.591622e+01,  6.178794e+01,  2.543831e+03,  2.012205e+01,  1.394294e+06,  6.813095e-01,  2.840253e+01,  0.000000e+00,  2.840253e+01,  1.500000e-04,  3.81710788e+00
  3.84891594e+00,  8.06525483e-04,  3.35710004e+00,           4,    1.420000e-02,  6.591622e+01,  6.166696e+01,  2.545582e+03,  2.012205e+01,  1.394322e+06,  6.810786e-01,  2.841316e+01,  0.000000e+00,  2.841316e+01,  1.500000e-04,  3.81710788e+00
  3.84972246e+00,  8.06525483e-04,  3.35790657e+00,           4,    1.420000e-02,  6.591622e+01,  6.154598e+01,  2.547337e+03,  2.012205e+01,  1.394352e+06,  6.808475e-01,  2.842378e+01,  0.000000e+00,  2.842378e+01,  1.500000e-04,  3.81710788e+00
  3.85052899e+00,  8.06525483e-04,  3.35871309e+00,           4,    1.420000e-02,  6.591622e+01,  6.142500e+01,  2.549097e+03,  2.012205e+01,  1.394383e+06,  6.806163e-01,  2.843441e+01,  0.000000e+00,  2.843441e+01,  1.500000e-04,  3.81710788e+00
  3.85133551e+00,  8.06525483e-04,  3.35951962e+00,           4,    1.420000e-02,  6.591622e+01,  6.130402e+01,  2.550861e+03,  2.012205e+01,  1.394415e+06,  6.803848e-01,  2.844504e+01,  0.000000e+00,  2.844504e+01,  1.500000e-04,  3.81710788e+00
  3.85214204e+00,  8.06525483e-04,  3.36032614e+00,           4,    1.420000e-02,  6.591622e+01,  6.118304e+01,  2.552629e+03,  2.012205e+01,  1.394448e+06,  6.801532e-01,  2.845566e+01,  0.000000e+00,  2.845566e+01,  1.500000e-04,  3.81710788e+00
  3.85294856e+00,  8.06525483e-04,  3.36113267e+00,           4,    1.420000e-02,  6.591622e+01,  6.106207e+01,  2.554401e+03,  2.012205e+01,  1.394483e+06,  6.799215e-01,  2.846629e+01,  0.000000e+00,  2.846629e+01,  1.500000e-04,  3.81710788e+00
  3.85375509e+00,  8.06525483e-04,  3.36193919e+00,           4,    1.420000e-02,  6.591622e+01,  6.094109e+01,  2.556178e+03,  2.012205e+01,  1.394519e+06,  6.796895e-01,  2.847692e+01,  0.000000e+00,  2.847692e+01,  1.500000e-04,  3.81710788e+00
  3.85456161e+00,  8.06525483e-04,  3.36274572e+00,           4,    1.420000e-02,  6.591622e+01,  6.082011e+01,  2.557959e+03,  2.012205e+01,  1.394556e+06,  6.794574e-01,  2.848754e+01,  0.000000e+00,  2.848754e+01,  1.500000e-04,  3.81710788e+00
  3.85536814e+00,  8.06525483e-04,  3.36355224e+00,           4,    1.420000e-02,  6.591622e+01,  6.069913e+01,  2.559744e+03,  2.012205e+01,  1.394595e+06,  6.792251e-01,  2.849817e+01,  0.000000e+00,  2.849817e+01,  1.500000e-04,  3.81710788e+00
  3.85617466e+00,  8.06525483e-04,  3.36435877e+00,           4,    1.420000e-02,  6.591622e+01,  6.057815e+01,  2.561534e+03,  2.012205e+01,  1.394635e+06,  6.789927e-01,  2.850880e+01,  0.000000e+00,  2.850880e+01,  1.500000e-04,  3.81710788e+00
  3.85698119e+00,  8.06525483e-04,  3.36516530e+00,           4,    1.420000e-02,  6.591622e+01,  6.045717e+01,  2.563328e+03,  2.012205e+01,  1.394676e+06,  6.787601e-01,  2.851942e+01,  0.000000e+00,  2.851942e+01,  1.500000e-04,  3.81710788e+00
  3.85778772e+00,  8.06525483e-04,  3.36597182e+00,           4,    1.420000e-02,  6.591622e+01,  6.033619e+01,  2.565126e+03,  2.012205e+01,  1.394719e+06,  6.785273e-01,  2.853005e+01,  0.000000e+00,  2.853005e+01,  1.500000e-04,  3.81710788e+00
  3.85859424e+00,  8.06525483e-04,  3.36677835e+00,           4,    1.420000e-02,  6.591622e+01,  6.021521e+01,  2.566929e+03,  2.012205e+01,  1.394763e+06,  6.782943e-01,  2.854068e+01,  0.000000e+00,  2.854068e+01,  1.500000e-04,  3.81710788e+00
  3.85940077e+00,  8.06525483e-04,  3.36758487e+00,           4,    1.420000e-02,  6.591622e+01,  6.009424e+01,  2.568737e+03,  2.012205e+01,  1.394809e+06,  6.780612e-01,  2.855130e+01,  0.000000e+00,  2.855130e+01,  1.500000e-04,  3.81710788e+00
  3.86020729e+00,  8.06525483e-04,  3.36839140e+00,           4,    1.420000e-02,  6.591622e+01,  5.997326e+01,  2.570549e+03,  2.012205e+01,  1.394856e+06,  6.778279e-01,  2.856193e+01,  0.000000e+00,  2.856193e+01,  1.500000e-04,  3.81710788e+00
  3.86101382e+00,  8.06525483e-04,  3.36919792e+00,           4,    1.420000e-02,  6.591622e+01,  5.985228e+01,  2.572365e+03,  2.012205e+01,  1.394905e+06,  6.775945e-01,  2.857256e+01,  0.000000e+00,  2.857256e+01,  1.500000e-04,  3.81710788e+00
  3.86182034e+00,  8.06525483e-04,  3.37000445e+00,           4,    1.420000e-02,  6.591622e+01,  5.973130e+01,  2.574186e+03,  2.012205e+01,  1.394955e+06,  6.773608e-01,  2.858318e+01,  0.000000e+00,  2.858318e+01,  1.500000e-04,  3.81710788e+00
  3.86262687e+00,  8.06525483e-04,  3.37081097e+00,           4,    1.420000e-02,  6.591622e+01,  5.961032e+01,  2.576011e+03,  2.012205e+01,  1.395007e+06,  6.771271e-01,  2.859381e+01,  0.000000e+00,  2.859381e+01,  1.500000e-04,  3.81710788e+00
  3.86343339e+00,  8.06525483e-04,  3.37161750e+00,           4,    1.420000e-02,  6.591622e+01,  5.948934e+01,  2.577841e+03,  2.012205e+01,  1.395060e+06,  6.768932e-01,  2.860444e+01,  0.000000e+00,  2.860444e+01,  1.500000e-04,  3.81710788e+00
  3.86423992e+00,  8.06525483e-04,  3.37242402e+00,           4,    1.420000e-02,  6.591622e+01,  5.936836e+01,  2.579676e+03,  2.012205e+01,  1.395115e+06,  6.766591e-01,  2.861506e+01,  0.000000e+00,  2.861506e+01,  1.500000e-04,  3.81710788e+00
  3.86504645e+00,  8.06525483e-04,  3.37323055e+00,           4,    1.420000e-02,  6.591622e+01,  5.924738e+01,  2.581515e+03,  2.012205e+01,  1.395171e+06,  6.764248e-01,  2.862569e+01,  0.000000e+00,  2.862569e+01,  1.500000e-04,  3.81710788e+00
  3.86585297e+00,  8.06525483e-04,  3.37403708e+00,           4,    1.420000e-02,  6.591622e+01,  5.912640e+01,  2.583358e+03,  2.012205e+01,  1.395229e+06,  6.761904e-01,  2.863632e+01,  0.000000e+00,  2.863632e+01,  1.500000e-04,  3.81710788e+00
  3.86665950e+00,  8.06525483e-04,  3.37484360e+00,           4,    1.420000e-02,  6.591622e+01,  5.900543e+01,  2.585206e+03,  2.012205e+01,  1.395288e+06,  6.759559e-01,  2.864694e+01,  0.000000e+00,  2.864694e+01,  1.500000e-04,  3.81710788e+00
  3.86746602e+00,  8.06525483e-04,  3.37565013e+00,           4,    1.420000e-02,  6.591622e+01,  5.888445e+01,  2.587059e+03,  2.012205e+01,  1.395349e+06,  6.757212e-01,  2.865757e+01,  0.000000e+00,  2.865757e+01,  1.500000e-04,  3.81710788e+00
  3.86827255e+00,  8.06525483e-04,  3.37645665e+00,           4,    1.420000e-02,  6.591622e+01,  5.876347e+01,  2.588916e+03,  2.012205e+01,  1.395411e+06,  6.754864e-01,  2.866820e+01,  0.000000e+00,  2.866820e+01,  1.500000e-04,  3.81710788e+00
  3.86907907e+00,  8.06525483e-04,  3.37726318e+00,           4,    1.420000e-02,  6.591622e+01,  5.864249e+01,  2.590778e+03,  2.012205e+01,  1.395475e+06,  6.752514e-01,  2.867883e+01,  0.000000e+00,  2.867883e+01,  1.500000e-04,  3.81710788e+00
  3.86988560e+00,  8.06525483e-04,  3.37806970e+00,           4,    1.420000e-02,  6.591622e+01,  5.852151e+01,  2.592644e+03,  2.012205e+01,  1.395541e+06,  6.750162e-01,  2.868945e+01,  0.000000e+00,  2.868945e+01,  1.500000e-04,  3.81710788e+00
  3.87069212e+00,  8.06525483e-04,  3.37887623e+00,           4,    1.420000e-02,  6.591622e+01,  5.840053e+01,  2.594515e+03,  2.012205e+01,  1.395609e+06,  6.747810e-01,  2.870008e+01,  0.000000e+00,  2.870008e+01,  1.500000e-04,  3.81710788e+00
  3.87149865e+00,  8.06525483e-04,  3.37968275e+00,           4,    1.420000e-02,  6.591622e+01,  5.827955e+01,  2.596391e+03,  2.012205e+01,  1.395678e+06,  6.745455e-01,  2.871071e+01,  0.000000e+00,  2.871071e+01,  1.500000e-04,  3.81710788e+00
  3.87230517e+00,  8.06525483e-04,  3.38048928e+00,           4,    1.420000e-02,  6.591622e+01,  5.815857e+01,  2.598271e+03,  2.012205e+01,  1.395748e+06,  6.743100e-01,  2.872133e+01,  0.000000e+00,  2.872133e+01,  1.500000e-04,  3.81710788e+00
  3.87311170e+00,  8.06525483e-04,  3.38129580e+00,           4,    1.420000e-02,  6.591622e+01,  5.803760e+01,  2.600155e+03,  2.012205e+01,  1.395821e+06,  6.740743e-01,  2.873196e+01,  0.000000e+00,  2.873196e+01,  1.500000e-04,  3.81710788e+00
  3.87391823e+00,  8.06525483e-04,  3.38210233e+00,           4,    1.420000e-02,  6.591622e+01,  5.791662e+01,  2.602045e+03,  2.012205e+01,  1.395895e+06,  6.738385e-01,  2.874259e+01,  0.000000e+00,  2.874259e+01,  1.500000e-04,  3.81710788e+00
  3.87472475e+00,  8.06525483e-04,  3.38290886e+00,           4,    1.420000e-02,  6.591622e+01,  5.779564e+01,  2.603939e+03,  2.012205e+01,  1.395971e+06,  6.736025e-01,  2.875321e+01,  0.000000e+00,  2.875321e+01,  1.500000e-04,  3.81710788e+00
  3.87553128e+00,  8.06525483e-04,  3.38371538e+00,           4,    1.420000e-02,  6.591622e+01,  5.767466e+01,  2.605838e+03,  2.012205e+01,  1.396048e+06,  6.733664e-01,  2.876384e+01,  0.000000e+00,  2.876384e+01,  1.500000e-04,  3.81710788e+00
  3.87633780e+00,  8.06525483e-04,  3.38452191e+00,           4,    1.420000e-02,  6.591622e+01,  5.755368e+01,  2.607741e+03,  2.012205e+01,  1.396128e+06,  6.731302e-01,  2.877447e+01,  0.000000e+00,  2.877447e+01,  1.500000e-04,  3.81710788e+00
  3.87714433e+00,  8.06525483e-04,  3.38532843e+00,           4,    1.420000e-02,  6.591622e+01,  5.743270e+01,  2.609649e+03,  2.012205e+01,  1.396209e+06,  6.728938e-01,  2.878509e+01,  0.000000e+00,  2.878509e+01,  1.500000e-04,  3.81710788e+00
  3.87795085e+00,  8.06525483e-04,  3.38613496e+00,           4,    1.420000e-02,  6.591622e+01,  5.731172e+01,  2.611561e+03,  2.012205e+01,  1.396291e+06,  6.726573e-01,  2.879572e+01,  0.000000e+00,  2.879572e+01,  1.500000e-04,  3.81710788e+00
  3.87875738e+00,  8.06525483e-04,  3.38694148e+00,           4,    1.420000e-02,  6.591622e+01,  5.719074e+01,  2.613479e+03,  2.012205e+01,  1.396376e+06,  6.724207e-01,  2.880635e+01,  0.000000e+00,  2.880635e+01,  1.500000e-04,  3.81710788e+00
  3.87956390e+00,  8.06525483e-04,  3.38774801e+00,           4,    1.420000e-02,  6.591622e+01,  5.706976e+01,  2.615401e+03,  2.012205e+01,  1.396462e+06,  6.721840e-01,  2.881697e+01,  0.000000e+00,  2.881697e+01,  1.500000e-04,  3.81710788e+00
  3.88037043e+00,  8.06525483e-04,  3.38855453e+00,           4,    1.420000e-02,  6.591622e+01,  5.694879e+01,  2.617327e+03,  2.012205e+01,  1.396550e+06,  6.719472e-01,  2.882760e+01,  0.000000e+00,  2.882760e+01,  1.500000e-04,  3.81710788e+00
  3.88117695e+00,  8.06525483e-04,  3.38936106e+00,           4,    1.420000e-02,  6.591622e+01,  5.682781e+01,  2.619258e+03,  2.012205e+01,  1.396640e+06,  6.717102e-01,  2.883823e+01,  0.000000e+00,  2.883823e+01,  1.500000e-04,  3.81710788e+00
  3.88198348e+00,  8.06525483e-04,  3.39016758e+00,           4,    1.420000e-02,  6.591622e+01,  5.670683e+01,  2.621194e+03,  2.012205e+01,  1.396732e+06,  6.714732e-01,  2.884885e+01,  0.000000e+00,  2.884885e+01,  1.500000e-04,  3.81710788e+00
  3.88279001e+00,  8.06525483e-04,  3.39097411e+00,           4,    1.420000e-02,  6.591622e+01,  5.658585e+01,  2.623135e+03,  2.012205e+01,  1.396826e+06,  6.712360e-01,  2.885948e+01,  0.000000e+00,  2.885948e+01,  1.500000e-04,  3.81710788e+00
  3.88359653e+00,  8.06525483e-04,  3.39178064e+00,           4,    1.420000e-02,  6.591622e+01,  5.646487e+01,  2.625080e+03,  2.012205e+01,  1.396921e+06,  6.709988e-01,  2.887011e+01,  0.000000e+00,  2.887011e+01,  1.500000e-04,  3.81710788e+00
  3.88440306e+00,  8.06525483e-04,  3.39258716e+00,           4,    1.420000e-02,  6.591622e+01,  5.634389e+01,  2.627029e+03,  2.012205e+01,  1.397018e+06,  6.707614e-01,  2.888073e+01,  0.000000e+00,  2.888073e+01,  1.500000e-04,  3.81710788e+00
  3.88520958e+00,  8.06525483e-04,  3.39339369e+00,           4,    1.420000e-02,  6.591622e+01,  5.622291e+01,  2.628984e+03,  2.012205e+01,  1.397117e+06,  6.705239e-01,  2.889136e+01,  0.000000e+00,  2.889136e+01,  1.500000e-04,  3.81710788e+00
  3.88601611e+00,  8.06525483e-04,  3.39420021e+00,           4,    1.420000e-02,  6.591622e+01,  5.610193e+01,  2.630943e+03,  2.012205e+01,  1.397219e+06,  6.702863e-01,  2.890199e+01,  0.000000e+00,  2.890199e+01,  1.500000e-04,  3.81710788e+00
  3.88682263e+00,  8.06525483e-04,  3.39500674e+00,           4,    1.420000e-02,  6.591622e+01,  5.598096e+01,  2.632907e+03,  2.012205e+01,  1.397321e+06,  6.700487e-01,  2.891262e+01,  0.000000e+00,  2.891262e+01,  1.500000e-04,  3.81710788e+00
  3.88762916e+00,  8.06525483e-04,  3.39581326e+00,           4,    1.420000e-02,  6.591622e+01,  5.585998e+01,  2.634875e+03,  2.012205e+01,  1.397426e+06,  6.698109e-01,  2.892324e+01,  0.000000e+00,  2.892324e+01,  1.500000e-04,  3.81710788e+00
  3.88843568e+00,  8.06525483e-04,  3.39661979e+00,           4,    1.420000e-02,  6.591622e+01,  5.573900e+01,  2.636848e+03,  2.012205e+01,  1.397533e+06,  6.695731e-01,  2.893387e+01,  0.000000e+00,  2.893387e+01,  1.500000e-04,  3.81710788e+00
  3.88924221e+00,  8.06525483e-04,  3.39742631e+00,           4,    1.420000e-02,  6.591622e+01,  5.561802e+01,  2.638825e+03,  2.012205e+01,  1.397642e+06,  6.693352e-01,  2.894450e+01,  0.000000e+00,  2.894450e+01,  1.500000e-04,  3.81710788e+00
  3.89004874e+00,  8.06525483e-04,  3.39823284e+00,           4,    1.420000e-02,  6.591622e+01,  5.549704e+01,  2.640807e+03,  2.012205e+01,  1.397752e+06,  6.690972e-01,  2.895512e+01,  0.000000e+00,  2.895512e+01,  1.500000e-04,  3.81710788e+00
  3.89085526e+00,  8.06525483e-04,  3.39903937e+00,           4,    1.420000e-02,  6.591622e+01,  5.537606e+01,  2.642794e+03,  2.012205e+01,  1.397865e+06,  6.688591e-01,  2.896575e+01,  0.000000e+00,  2.896575e+01,  1.500000e-04,  3.81710788e+00
  3.89166179e+00,  8.06525483e-04,  3.39984589e+00,           4,    1.420000e-02,  6.591622e+01,  5.525508e+01,  2.644785e+03,  2.012205e+01,  1.397980e+06,  6.686210e-01,  2.897638e+01,  0.000000e+00,  2.897638e+01,  1.500000e-04,  3.81710788e+00
  3.89246831e+00,  8.06525483e-04,  3.40065242e+00,           4,    1.420000e-02,  6.591622e+01,  5.513410e+01,  2.646781e+03,  2.012205e+01,  1.398096e+06,  6.683828e-01,  2.898700e+01,  0.000000e+00,  2.898700e+01,  1.500000e-04,  3.81710788e+00
  3.89327484e+00,  8.06525483e-04,  3.40145894e+00,           4,    1.420000e-02,  6.591622e+01,  5.501312e+01,  2.648782e+03,  2.012205e+01,  1.398215e+06,  6.681445e-01,  2.899763e+01,  0.000000e+00,  2.899763e+01,  1.500000e-04,  3.81710788e+00
  3.89408136e+00,  8.06525483e-04,  3.40226547e+00,           4,    1.420000e-02,  6.591622e+01,  5.489215e+01,  2.650786e+03,  2.012205e+01,  1.398335e+06,  6.679062e-01,  2.900826e+01,  0.000000e+00,  2.900826e+01,  1.500000e-04,  3.81710788e+00
  3.89488789e+00,  8.06525483e-04,  3.40307199e+00,           4,    1.420000e-02,  6.591622e+01,  5.477117e+01,  2.652796e+03,  2.012205e+01,  1.398458e+06,  6.676678e-01,  2.901888e+01,  0.000000e+00,  2.901888e+01,  1.500000e-04,  3.81710788e+00
  3.89569441e+00,  8.06525483e-04,  3.40387852e+00,           4,    1.420000e-02,  6.591622e+01,  5.465019e+01,  2.654810e+03,  2.012205e+01,  1.398582e+06,  6.674294e-01,  2.902951e+01,  0.000000e+00,  2.902951e+01,  1.500000e-04,  3.81710788e+00
  3.89650094e+00,  8.06525483e-04,  3.40468504e+00,           4,    1.420000e-02,  6.591622e+01,  5.452921e+01,  2.656828e+03,  2.012205e+01,  1.398709e+06,  6.671909e-01,  2.904014e+01,  0.000000e+00,  2.904014e+01,  1.500000e-04,  3.81710788e+00
  3.89730746e+00,  8.06525483e-04,  3.40549157e+00,           4,    1.420000e-02,  6.591622e+01,  5.440823e+01,  2.658851e+03,  2.012205e+01,  1.398838e+06,  6.669523e-01,  2.905076e+01,  0.000000e+00,  2.905076e+01,  1.500000e-04,  3.81710788e+00
  3.89811399e+00,  8.06525483e-04,  3.40629809e+00,           4,    1.420000e-02,  6.591622e+01,  5.428725e+01,  2.660879e+03,  2.012205e+01,  1.398969e+06,  6.667138e-01,  2.906139e+01,  0.000000e+00,  2.906139e+01,  1.500000e-04,  3.81710788e+00
  3.89892052e+00,  8.06525483e-04,  3.40710462e+00,           4,    1.420000e-02,  6.591622e+01,  5.416627e+01,  2.662911e+03,  2.012205e+01,  1.399101e+06,  6.664752e-01,  2.907202e+01,  0.000000e+00,  2.907202e+01,  1.500000e-04,  3.81710788e+00
  3.89972704e+00,  8.06525483e-04,  3.40791115e+00,           4,    1.420000e-02,  6.591622e+01,  5.404529e+01,  2.664947e+03,  2.012205e+01,  1.399236e+06,  6.662366e-01,  2.908264e+01,  0.000000e+00,  2.908264e+01,  1.500000e-04,  3.81710788e+00
  3.90053357e+00,  8.06525483e-04,  3.40871767e+00,           4,    1.420000e-02,  6.591622e+01,  5.392432e+01,  2.666988e+03,  2.012205e+01,  1.399373e+06,  6.659979e-01,  2.909327e+01,  0.000000e+00,  2.909327e+01,  1.500000e-04,  3.81710788e+00
  3.90134009e+00,  8.06525483e-04,  3.40952420e+00,           4,    1.420000e-02,  6.591622e+01,  5.380334e+01,  2.669033e+03,  2.012205e+01,  1.399512e+06,  6.657592e-01,  2.910390e+01,  0.000000e+00,  2.910390e+01,  1.500000e-04,  3.81710788e+00
  3.90214662e+00,  8.06525483e-04,  3.41033072e+00,           4,    1.420000e-02,  6.591622e+01,  5.368236e+01,  2.671083e+03,  2.012205e+01,  1.399654e+06,  6.655206e-01,  2.911452e+01,  0.000000e+00,  2.911452e+01,  1.500000e-04,  3.81710788e+00
  3.90295314e+00,  8.06525483e-04,  3.41113725e+00,           4,    1.420000e-02,  6.591622e+01,  5.356138e+01,  2.673136e+03,  2.012205e+01,  1.399797e+06,  6.652819e-01,  2.912515e+01,  0.000000e+00,  2.912515e+01,  1.500000e-04,  3.81710788e+00
  3.90375967e+00,  8.06525483e-04,  3.41194377e+00,           4,    1.420000e-02,  6.591622e+01,  5.344040e+01,  2.675195e+03,  2.012205e+01,  1.399942e+06,  6.650432e-01,  2.913578e+01,  0.000000e+00,  2.913578e+01,  1.500000e-04,  3.81710788e+00
  3.90456619e+00,  8.06525483e-04,  3.41275030e+00,           4,    1.420000e-02,  6.591622e+01,  5.331942e+01,  2.677257e+03,  2.012205e+01,  1.400090e+06,  6.648045e-01,  2.914640e+01,  0.000000e+00,  2.914640e+01,  1.500000e-04,  3.81710788e+00
  3.90537272e+00,  8.06525483e-04,  3.41355682e+00,           4,    1.420000e-02,  6.591622e+01,  5.319844e+01,  2.679324e+03,  2.012205e+01,  1.400240e+06,  6.645658e-01,  2.915703e+01,  0.000000e+00,  2.915703e+01,  1.500000e-04,  3.81710788e+00
  3.90617924e+00,  8.06525483e-04,  3.41436335e+00,           4,    1.420000e-02,  6.591622e+01,  5.307746e+01,  2.681395e+03,  2.012205e+01,  1.400392e+06,  6.643271e-01,  2.916766e+01,  0.000000e+00,  2.916766e+01,  1.500000e-04,  3.81710788e+00
  3.90698577e+00,  8.06525483e-04,  3.41516987e+00,           4,    1.420000e-02,  6.591622e+01,  5.295648e+01,  2.683470e+03,  2.012205e+01,  1.400546e+06,  6.640885e-01,  2.917829e+01,  0.000000e+00,  2.917829e+01,  1.500000e-04,  3.81710788e+00
  3.90779230e+00,  8.06525483e-04,  3.41597640e+00,           4,    1.420000e-02,  6.591622e+01,  5.283551e+01,  2.685549e+03,  2.012205e+01,  1.400702e+06,  6.638499e-01,  2.918891e+01,  0.000000e+00,  2.918891e+01,  1.500000e-04,  3.81710788e+00
  3.90859882e+00,  8.06525483e-04,  3.41678293e+00,           4,    1.420000e-02,  6.591622e+01,  5.271453e+01,  2.687633e+03,  2.012205e+01,  1.400861e+06,  6.636113e-01,  2.919954e+01,  0.000000e+00,  2.919954e+01,  1.500000e-04,  3.81710788e+00
  3.90940535e+00,  8.06525483e-04,  3.41758945e+00,           4,    1.420000e-02,  6.591622e+01,  5.259355e+01,  2.689720e+03,  2.012205e+01,  1.401021e+06,  6.633727e-01,  2.921017e+01,  0.000000e+00,  2.921017e+01,  1.500000e-04,  3.81710788e+00
  3.91021187e+00,  8.06525483e-04,  3.41839598e+00,           4,    1.420000e-02,  6.591622e+01,  5.247257e+01,  2.691812e+03,  2.012205e+01,  1.401184e+06,  6.631342e-01,  2.922079e+01,  0.000000e+00,  2.922079e+01,  1.500000e-04,  3.81710788e+00
  3.91101840e+00,  8.06525483e-04,  3.41920250e+00,           4,    1.420000e-02,  6.591622e+01,  5.235159e+01,  2.693908e+03,  2.012205e+01,  1.401350e+06,  6.628958e-01,  2.923142e+01,  0.000000e+00,  2.923142e+01,  1.500000e-04,  3.81710788e+00
  3.91182492e+00,  8.06525483e-04,  3.42000903e+00,           4,    1.420000e-02,  6.591622e+01,  5.223061e+01,  2.696008e+03,  2.012205e+01,  1.401517e+06,  6.626574e-01,  2.924205e+01,  0.000000e+00,  2.924205e+01,  1.500000e-04,  3.81710788e+00
  3.91263145e+00,  8.06525483e-04,  3.42081555e+00,           4,    1.420000e-02,  6.591622e+01,  5.210963e+01,  2.698111e+03,  2.012205e+01,  1.401687e+06,  6.624191e-01,  2.925267e+01,  0.000000e+00,  2.925267e+01,  1.500000e-04,  3.81710788e+00
  3.91343797e+00,  8.06525483e-04,  3.42162208e+00,           4,    1.420000e-02,  6.591622e+01,  5.198865e+01,  2.700219e+03,  2.012205e+01,  1.401859e+06,  6.621808e-01,  2.926330e+01,  0.000000e+00,  2.926330e+01,  1.500000e-04,  3.81710788e+00
  3.91424450e+00,  8.06525483e-04,  3.42242860e+00,           4,    1.420000e-02,  6.591622e+01,  5.186768e+01,  2.702330e+03,  2.012205e+01,  1.402033e+06,  6.619426e-01,  2.927393e+01,  0.000000e+00,  2.927393e+01,  1.500000e-04,  3.81710788e+00
  3.91505103e+00,  8.06525483e-04,  3.42323513e+00,           4,    1.420000e-02,  6.591622e+01,  5.174670e+01,  2.704445e+03,  2.012205e+01,  1.402210e+06,  6.617046e-01,  2.928455e+01,  0.000000e+00,  2.928455e+01,  1.500000e-04,  3.81710788e+00
  3.91585755e+00,  8.06525483e-04,  3.42404166e+00,           4,    1.420000e-02,  6.591622e+01,  5.162572e+01,  2.706564e+03,  2.012205e+01,  1.402388e+06,  6.614666e-01,  2.929518e+01,  0.000000e+00,  2.929518e+01,  1.500000e-04,  3.81710788e+00
  3.91666408e+00,  8.06525483e-04,  3.42484818e+00,           4,    1.420000e-02,  6.591622e+01,  5.150474e+01,  2.708687e+03,  2.012205e+01,  1.402570e+06,  6.612287e-01,  2.930581e+01,  0.000000e+00,  2.930581e+01,  1.500000e-04,  3.81710788e+00
  3.91747060e+00,  8.06525483e-04,  3.42565471e+00,           4,    1.420000e-02,  6.591622e+01,  5.138376e+01,  2.710814e+03,  2.012205e+01,  1.402753e+06,  6.609909e-01,  2.931643e+01,  0.000000e+00,  2.931643e+01,  1.500000e-04,  3.81710788e+00
  3.91827713e+00,  8.06525483e-04,  3.42646123e+00,           4,    1.420000e-02,  6.591622e+01,  5.126278e+01,  2.712944e+03,  2.012205e+01,  1.402939e+06,  6.607532e-01,  2.932706e+01,  0.000000e+00,  2.932706e+01,  1.500000e-04,  3.81710788e+00
  3.91908365e+00,  8.06525483e-04,  3.42726776e+00,           4,    1.420000e-02,  6.591622e+01,  5.114180e+01,  2.715077e+03,  2.012205e+01,  1.403127e+06,  6.605157e-01,  2.933769e+01,  0.000000e+00,  2.933769e+01,  1.500000e-04,  3.81710788e+00
  3.91989018e+00,  8.06525483e-04,  3.42807428e+00,           4,    1.420000e-02,  6.591622e+01,  5.102082e+01,  2.717215e+03,  2.012205e+01,  1.403318e+06,  6.602783e-01,  2.934831e+01,  0.000000e+00,  2.934831e+01,  1.500000e-04,  3.81710788e+00
  3.92069670e+00,  8.06525483e-04,  3.42888081e+00,           4,    1.420000e-02,  6.591622e+01,  5.089984e+01,  2.719355e+03,  2.012205e+01,  1.403511e+06,  6.600411e-01,  2.935894e+01,  0.000000e+00,  2.935894e+01,  1.500000e-04,  3.81710788e+00
  3.92150323e+00,  8.06525483e-04,  3.42968733e+00,           4,    1.420000e-02,  6.591622e+01,  5.077887e+01,  2.721499e+03,  2.012205e+01,  1.403706e+06,  6.598040e-01,  2.936957e+01,  0.000000e+00,  2.936957e+01,  1.500000e-04,  3.81710788e+00
  3.92230975e+00,  8.06525483e-04,  3.43049386e+00,           4,    1.420000e-02,  6.591622e+01,  5.065789e+01,  2.723646e+03,  2.012205e+01,  1.403903e+06,  6.595670e-01,  2.938019e+01,  0.000000e+00,  2.938019e+01,  1.500000e-04,  3.81710788e+00
  3.92311628e+00,  8.06525483e-04,  3.43130038e+00,           4,    1.420000e-02,  6.591622e+01,  5.053691e+01,  2.725797e+03,  2.012205e+01,  1.404103e+06,  6.593303e-01,  2.939082e+01,  0.000000e+00,  2.939082e+01,  1.500000e-04,  3.81710788e+00
  3.92392281e+00,  8.06525483e-04,  3.43210691e+00,           4,    1.420000e-02,  6.591622e+01,  5.041593e+01,  2.727951e+03,  2.012205e+01,  1.404306e+06,  6.590937e-01,  2.940145e+01,  0.000000e+00,  2.940145e+01,  1.500000e-04,  3.81710788e+00
  3.92472933e+00,  8.06525483e-04,  3.43291344e+00,           4,    1.420000e-02,  6.591622e+01,  5.029495e+01,  2.730108e+03,  2.012205e+01,  1.404511e+06,  6.588573e-01,  2.941208e+01,  0.000000e+00,  2.941208e+01,  1.500000e-04,  3.81710788e+00
  3.92553586e+00,  8.06525483e-04,  3.43371996e+00,           4,    1.420000e-02,  6.591622e+01,  5.017397e+01,  2.732268e+03,  2.012205e+01,  1.404718e+06,  6.586211e-01,  2.942270e+01,  0.000000e+00,  2.942270e+01,  1.500000e-04,  3.81710788e+00
  3.92634238e+00,  8.06525483e-04,  3.43452649e+00,           4,    1.420000e-02,  6.591622e+01,  5.005299e+01,  2.734431e+03,  2.012205e+01,  1.404928e+06,  6.583852e-01,  2.943333e+01,  0.000000e+00,  2.943333e+01,  1.500000e-04,  3.81710788e+00
  3.92714891e+00,  8.06525483e-04,  3.43533301e+00,           4,    1.420000e-02,  6.591622e+01,  4.993201e+01,  2.736596e+03,  2.012205e+01,  1.405140e+06,  6.581494e-01,  2.944396e+01,  0.000000e+00,  2.944396e+01,  1.500000e-04,  3.81710788e+00
  3.92795543e+00,  8.06525483e-04,  3.43613954e+00,           4,    1.420000e-02,  6.591622e+01,  4.981104e+01,  2.738765e+03,  2.012205e+01,  1.405355e+06,  6.579139e-01,  2.945458e+01,  0.000000e+00,  2.945458e+01,  1.500000e-04,  3.81710788e+00
  3.92876196e+00,  8.06525483e-04,  3.43694606e+00,           4,    1.420000e-02,  6.591622e+01,  4.969006e+01,  2.740937e+03,  2.012205e+01,  1.405572e+06,  6.576787e-01,  2.946521e+01,  0.000000e+00,  2.946521e+01,  1.500000e-04,  3.81710788e+00
  3.92956848e+00,  8.06525483e-04,  3.43775259e+00,           4,    1.420000e-02,  6.591622e+01,  4.956908e+01,  2.743111e+03,  2.012205e+01,  1.405791e+06,  6.574437e-01,  2.947584e+01,  0.000000e+00,  2.947584e+01,  1.500000e-04,  3.81710788e+00
  3.93037501e+00,  8.06525483e-04,  3.43855911e+00,           4,    1.420000e-02,  6.591622e+01,  4.944810e+01,  2.745287e+03,  2.012205e+01,  1.406013e+06,  6.572089e-01,  2.948646e+01,  0.000000e+00,  2.948646e+01,  1.500000e-04,  3.81710788e+00
  3.93118153e+00,  8.06525483e-04,  3.43936564e+00,           4,    1.420000e-02,  6.591622e+01,  4.932712e+01,  2.747466e+03,  2.012205e+01,  1.406238e+06,  6.569745e-01,  2.949709e+01,  0.000000e+00,  2.949709e+01,  1.500000e-04,  3.81710788e+00
  3.93198806e+00,  8.06525483e-04,  3.44017216e+00,           4,    1.420000e-02,  6.591622e+01,  4.920614e+01,  2.749648e+03,  2.012205e+01,  1.406465e+06,  6.567403e-01,  2.950772e+01,  0.000000e+00,  2.950772e+01,  1.500000e-04,  3.81710788e+00
  3.93279459e+00,  8.06525483e-04,  3.44097869e+00,           4,    1.420000e-02,  6.591622e+01,  4.908516e+01,  2.751832e+03,  2.012205e+01,  1.406695e+06,  6.565065e-01,  2.951834e+01,  0.000000e+00,  2.951834e+01,  1.500000e-04,  3.81710788e+00
  3.93360111e+00,  8.06525483e-04,  3.44178522e+00,           4,    1.420000e-02,  6.591622e+01,  4.896418e+01,  2.754018e+03,  2.012205e+01,  1.406927e+06,  6.562729e-01,  2.952897e+01,  0.000000e+00,  2.952897e+01,  1.500000e-04,  3.81710788e+00
  3.93440764e+00,  8.06525483e-04,  3.44259174e+00,           4,    1.420000e-02,  6.591622e+01,  4.884320e+01,  2.756206e+03,  2.012205e+01,  1.407161e+06,  6.560397e-01,  2.953960e+01,  0.000000e+00,  2.953960e+01,  1.500000e-04,  3.81710788e+00
  3.93521416e+00,  8.06525483e-04,  3.44339827e+00,           4,    1.420000e-02,  6.591622e+01,  4.872223e+01,  2.758396e+03,  2.012205e+01,  1.407399e+06,  6.558069e-01,  2.955022e+01,  0.000000e+00,  2.955022e+01,  1.500000e-04,  3.81710788e+00
  3.93602069e+00,  8.06525483e-04,  3.44420479e+00,           4,    1.420000e-02,  6.591622e+01,  4.860125e+01,  2.760588e+03,  2.012205e+01,  1.407638e+06,  6.555744e-01,  2.956085e+01,  0.000000e+00,  2.956085e+01,  1.500000e-04,  3.81710788e+00
  3.93682721e+00,  8.06525483e-04,  3.44501132e+00,           4,    1.420000e-02,  6.591622e+01,  4.848027e+01,  2.762781e+03,  2.012205e+01,  1.407881e+06,  6.553423e-01,  2.957148e+01,  0.000000e+00,  2.957148e+01,  1.500000e-04,  3.81710788e+00
  3.93763374e+00,  8.06525483e-04,  3.44581784e+00,           4,    1.420000e-02,  6.591622e+01,  4.835929e+01,  2.764977e+03,  2.012205e+01,  1.408126e+06,  6.551106e-01,  2.958210e+01,  0.000000e+00,  2.958210e+01,  1.500000e-04,  3.81710788e+00
  3.93844026e+00,  8.06525483e-04,  3.44662437e+00,           4,    1.420000e-02,  6.591622e+01,  4.823831e+01,  2.767174e+03,  2.012205e+01,  1.408373e+06,  6.548792e-01,  2.959273e+01,  0.000000e+00,  2.959273e+01,  1.500000e-04,  3.81710788e+00
  3.93924679e+00,  8.06525483e-04,  3.44743089e+00,           4,    1.420000e-02,  6.591622e+01,  4.811733e+01,  2.769372e+03,  2.012205e+01,  1.408623e+06,  6.546483e-01,  2.960336e+01,  0.000000e+00,  2.960336e+01,  1.500000e-04,  3.81710788e+00
  3.94005332e+00,  8.06525483e-04,  3.44823742e+00,           4,    1.420000e-02,  6.591622e+01,  4.799635e+01,  2.771571e+03,  2.012205e+01,  1.408876e+06,  6.544179e-01,  2.961398e+01,  0.000000e+00,  2.961398e+01,  1.500000e-04,  3.81710788e+00
  3.94085984e+00,  8.06525483e-04,  3.44904395e+00,           4,    1.420000e-02,  6.591622e+01,  4.787537e+01,  2.773772e+03,  2.012205e+01,  1.409131e+06,  6.541879e-01,  2.962461e+01,  0.000000e+00,  2.962461e+01,  1.500000e-04,  3.81710788e+00
  3.94166637e+00,  8.06525483e-04,  3.44985047e+00,           4,    1.420000e-02,  6.591622e+01,  4.775440e+01,  2.775973e+03,  2.012205e+01,  1.409389e+06,  6.539583e-01,  2.963524e+01,  0.000000e+00,  2.963524e+01,  1.500000e-04,  3.81710788e+00
  3.94247289e+00,  8.06525483e-04,  3.45065700e+00,           4,    1.420000e-02,  6.591622e+01,  4.763342e+01,  2.778176e+03,  2.012205e+01,  1.409650e+06,  6.537293e-01,  2.964586e+01,  0.000000e+00,  2.964586e+01,  1.500000e-04,  3.81710788e+00
  3.94327942e+00,  8.06525483e-04,  3.45146352e+00,           4,    1.420000e-02,  6.591622e+01,  4.751244e+01,  2.780379e+03,  2.012205e+01,  1.409913e+06,  6.535007e-01,  2.965649e+01,  0.000000e+00,  2.965649e+01,  1.500000e-04,  3.81710788e+00
  3.94408594e+00,  8.06525483e-04,  3.45227005e+00,           4,    1.420000e-02,  6.591622e+01,  4.739146e+01,  2.782583e+03,  2.012205e+01,  1.410179e+06,  6.532727e-01,  2.966712e+01,  0.000000e+00,  2.966712e+01,  1.500000e-04,  3.81710788e+00
  3.94489247e+00,  8.06525483e-04,  3.45307657e+00,           4,    1.420000e-02,  6.591622e+01,  4.727048e+01,  2.784787e+03,  2.012205e+01,  1.410448e+06,  6.530452e-01,  2.967775e+01,  0.000000e+00,  2.967775e+01,  1.500000e-04,  3.81710788e+00
  3.94569899e+00,  8.06525483e-04,  3.45388310e+00,           4,    1.420000e-02,  6.591622e+01,  4.714950e+01,  2.786991e+03,  2.012205e+01,  1.410719e+06,  6.528183e-01,  2.968837e+01,  0.000000e+00,  2.968837e+01,  1.500000e-04,  3.81710788e+00
  3.94650552e+00,  8.06525483e-04,  3.45468962e+00,           4,    1.420000e-02,  6.591622e+01,  4.702852e+01,  2.789195e+03,  2.012205e+01,  1.410993e+06,  6.525920e-01,  2.969900e+01,  0.000000e+00,  2.969900e+01,  1.500000e-04,  3.81710788e+00
  3.94731204e+00,  8.06525483e-04,  3.45549615e+00,           4,    1.420000e-02,  6.591622e+01,  4.690754e+01,  2.791400e+03,  2.012205e+01,  1.411269e+06,  6.523662e-01,  2.970963e+01,  0.000000e+00,  2.970963e+01,  1.500000e-04,  3.81710788e+00
  3.94811857e+00,  8.06525483e-04,  3.45630267e+00,           4,    1.420000e-02,  6.591622e+01,  4.678656e+01,  2.793604e+03,  2.012205e+01,  1.411549e+06,  6.521411e-01,  2.972025e+01,  0.000000e+00,  2.972025e+01,  1.500000e-04,  3.81710788e+00
  3.94892510e+00,  8.06525483e-04,  3.45710920e+00,           4,    1.420000e-02,  6.591622e+01,  4.666559e+01,  2.795807e+03,  2.012205e+01,  1.411831e+06,  6.519166e-01,  2.973088e+01,  0.000000e+00,  2.973088e+01,  1.500000e-04,  3.81710788e+00
  3.94973162e+00,  8.06525483e-04,  3.45791573e+00,           4,    1.420000e-02,  6.591622e+01,  4.654461e+01,  2.798010e+03,  2.012205e+01,  1.412116e+06,  6.516928e-01,  2.974151e+01,  0.000000e+00,  2.974151e+01,  1.500000e-04,  3.81710788e+00
  3.95053815e+00,  8.06525483e-04,  3.45872225e+00,           4,    1.420000e-02,  6.591622e+01,  4.642363e+01,  2.800212e+03,  2.012205e+01,  1.412403e+06,  6.514697e-01,  2.975213e+01,  0.000000e+00,  2.975213e+01,  1.500000e-04,  3.81710788e+00
  3.95134467e+00,  8.06525483e-04,  3.45952878e+00,           4,    1.420000e-02,  6.591622e+01,  4.630265e+01,  2.802413e+03,  2.012205e+01,  1.412694e+06,  6.512473e-01,  2.976276e+01,  0.000000e+00,  2.976276e+01,  1.500000e-04,  3.81710788e+00
  3.95215120e+00,  8.06525483e-04,  3.46033530e+00,           4,    1.420000e-02,  6.591622e+01,  4.618167e+01,  2.804613e+03,  2.012205e+01,  1.412987e+06,  6.510256e-01,  2.977339e+01,  0.000000e+00,  2.977339e+01,  1.500000e-04,  3.81710788e+00
  3.95295772e+00,  8.06525483e-04,  3.46114183e+00,           4,    1.420000e-02,  6.591622e+01,  4.606069e+01,  2.806811e+03,  2.012205e+01,  1.413283e+06,  6.508047e-01,  2.978401e+01,  0.000000e+00,  2.978401e+01,  1.500000e-04,  3.81710788e+00
  3.95376425e+00,  8.06525483e-04,  3.46194835e+00,           4,    1.420000e-02,  6.591622e+01,  4.593971e+01,  2.809008e+03,  2.012205e+01,  1.413581e+06,  6.505845e-01,  2.979464e+01,  0.000000e+00,  2.979464e+01,  1.500000e-04,  3.81710788e+00
  3.95457077e+00,  8.06525483e-04,  3.46275488e+00,           4,    1.420000e-02,  6.591622e+01,  4.581873e+01,  2.811202e+03,  2.012205e+01,  1.413883e+06,  6.503652e-01,  2.980527e+01,  0.000000e+00,  2.980527e+01,  1.500000e-04,  3.81710788e+00
  3.95537730e+00,  8.06525483e-04,  3.46356140e+00,           4,    1.420000e-02,  6.591622e+01,  4.569776e+01,  2.813395e+03,  2.012205e+01,  1.414187e+06,  6.501467e-01,  2.981589e+01,  0.000000e+00,  2.981589e+01,  1.500000e-04,  3.81710788e+00
  3.95618382e+00,  8.06525483e-04,  3.46436793e+00,           4,    1.420000e-02,  6.591622e+01,  4.557678e+01,  2.815585e+03,  2.012205e+01,  1.414494e+06,  6.499290e-01,  2.982652e+01,  0.000000e+00,  2.982652e+01,  1.500000e-04,  3.81710788e+00
  3.95699035e+00,  8.06525483e-04,  3.46517445e+00,           4,    1.420000e-02,  6.591622e+01,  4.545580e+01,  2.817772e+03,  2.012205e+01,  1.414804e+06,  6.497123e-01,  2.983715e+01,  0.000000e+00,  2.983715e+01,  1.500000e-04,  3.81710788e+00
  3.95779688e+00,  8.06525483e-04,  3.46598098e+00,           4,    1.420000e-02,  6.591622e+01,  4.533482e+01,  2.819957e+03,  2.012205e+01,  1.415116e+06,  6.494965e-01,  2.984777e+01,  0.000000e+00,  2.984777e+01,  1.500000e-04,  3.81710788e+00
  3.95860340e+00,  8.06525483e-04,  3.46678751e+00,           4,    1.420000e-02,  6.591622e+01,  4.521384e+01,  2.822138e+03,  2.012205e+01,  1.415432e+06,  6.492816e-01,  2.985840e+01,  0.000000e+00,  2.985840e+01,  1.500000e-04,  3.81710788e+00
  3.95940993e+00,  8.06525483e-04,  3.46759403e+00,           4,    1.420000e-02,  6.591622e+01,  4.509286e+01,  2.824316e+03,  2.012205e+01,  1.415750e+06,  6.490677e-01,  2.986903e+01,  0.000000e+00,  2.986903e+01,  1.500000e-04,  3.81710788e+00
  3.96021645e+00,  8.06525483e-04,  3.46840056e+00,           4,    1.420000e-02,  6.591622e+01,  4.497188e+01,  2.826490e+03,  2.012205e+01,  1.416072e+06,  6.488548e-01,  2.987965e+01,  0.000000e+00,  2.987965e+01,  1.500000e-04,  3.81710788e+00
  3.96102298e+00,  8.06525483e-04,  3.46920708e+00,           4,    1.420000e-02,  6.591622e+01,  4.485090e+01,  2.828661e+03,  2.012205e+01,  1.416396e+06,  6.486430e-01,  2.989028e+01,  0.000000e+00,  2.989028e+01,  1.500000e-04,  3.81710788e+00
  3.96182950e+00,  8.06525483e-04,  3.47001361e+00,           4,    1.420000e-02,  6.591622e+01,  4.472992e+01,  2.830826e+03,  2.012205e+01,  1.416723e+06,  6.484322e-01,  2.990091e+01,  0.000000e+00,  2.990091e+01,  1.500000e-04,  3.81710788e+00
  3.96263603e+00,  8.06525483e-04,  3.47082013e+00,           4,    1.420000e-02,  6.591622e+01,  4.460895e+01,  2.832988e+03,  2.012205e+01,  1.417053e+06,  6.482226e-01,  2.991154e+01,  0.000000e+00,  2.991154e+01,  1.500000e-04,  3.81710788e+00
  3.96344255e+00,  8.06525483e-04,  3.47162666e+00,           4,    1.420000e-02,  6.591622e+01,  4.448797e+01,  2.835144e+03,  2.012205e+01,  1.417385e+06,  6.480141e-01,  2.992216e+01,  0.000000e+00,  2.992216e+01,  1.500000e-04,  3.81710788e+00
  3.96424908e+00,  8.06525483e-04,  3.47243318e+00,           4,    1.420000e-02,  6.591622e+01,  4.436699e+01,  2.837295e+03,  2.012205e+01,  1.417721e+06,  6.478067e-01,  2.993279e+01,  0.000000e+00,  2.993279e+01,  1.500000e-04,  3.81710788e+00
  3.96505561e+00,  8.06525483e-04,  3.47323971e+00,           4,    1.420000e-02,  6.591622e+01,  4.424601e+01,  2.839440e+03,  2.012205e+01,  1.418060e+06,  6.476006e-01,  2.994342e+01,  0.000000e+00,  2.994342e+01,  1.500000e-04,  3.81710788e+00
  3.96586213e+00,  8.06525483e-04,  3.47404624e+00,           4,    1.420000e-02,  6.591622e+01,  4.412503e+01,  2.841579e+03,  2.012205e+01,  1.418401e+06,  6.473958e-01,  2.995404e+01,  0.000000e+00,  2.995404e+01,  1.500000e-04,  3.81710788e+00
  3.96666866e+00,  8.06525483e-04,  3.47485276e+00,           4,    1.420000e-02,  6.591622e+01,  4.400405e+01,  2.843712e+03,  2.012205e+01,  1.418746e+06,  6.471923e-01,  2.996467e+01,  0.000000e+00,  2.996467e+01,  1.500000e-04,  3.81710788e+00
  3.96747518e+00,  8.06525483e-04,  3.47565929e+00,           4,    1.420000e-02,  6.591622e+01,  4.388307e+01,  2.845838e+03,  2.012205e+01,  1.419093e+06,  6.469901e-01,  2.997530e+01,  0.000000e+00,  2.997530e+01,  1.500000e-04,  3.81710788e+00
  3.96828171e+00,  8.06525483e-04,  3.47646581e+00,           4,    1.420000e-02,  6.591622e+01,  4.376209e+01,  2.847957e+03,  2.012205e+01,  1.419443e+06,  6.467893e-01,  2.998592e+01,  0.000000e+00,  2.998592e+01,  1.500000e-04,  3.81710788e+00
  3.96908823e+00,  8.06525483e-04,  3.47727234e+00,           4,    1.420000e-02,  6.591622e+01,  4.364112e+01,  2.850068e+03,  2.012205e+01,  1.419797e+06,  6.465899e-01,  2.999655e+01,  0.000000e+00,  2.999655e+01,  1.500000e-04,  3.81710788e+00
  3.96989476e+00,  8.06525483e-04,  3.47807886e+00,           4,    1.420000e-02,  6.591622e+01,  4.352014e+01,  2.852172e+03,  2.012205e+01,  1.420153e+06,  6.463920e-01,  3.000718e+01,  0.000000e+00,  3.000718e+01,  1.500000e-04,  3.81710788e+00
  3.97070128e+00,  8.06525483e-04,  3.47888539e+00,           4,    1.420000e-02,  6.591622e+01,  4.339916e+01,  2.854267e+03,  2.012205e+01,  1.420513e+06,  6.461956e-01,  3.001780e+01,  0.000000e+00,  3.001780e+01,  1.500000e-04,  3.81710788e+00
  3.97150781e+00,  8.06525483e-04,  3.47969191e+00,           4,    1.420000e-02,  6.591622e+01,  4.327818e+01,  2.856353e+03,  2.012205e+01,  1.420875e+06,  6.460008e-01,  3.002843e+01,  0.000000e+00,  3.002843e+01,  1.500000e-04,  3.81710788e+00
  3.97231433e+00,  8.06525483e-04,  3.48049844e+00,           4,    1.420000e-02,  6.591622e+01,  4.315720e+01,  2.858429e+03,  2.012205e+01,  1.421240e+06,  6.458076e-01,  3.003906e+01,  0.000000e+00,  3.003906e+01,  1.500000e-04,  3.81710788e+00
  3.97312086e+00,  8.06525483e-04,  3.48130496e+00,           4,    1.420000e-02,  6.591622e+01,  4.303622e+01,  2.860496e+03,  2.012205e+01,  1.421609e+06,  6.456161e-01,  3.004968e+01,  0.000000e+00,  3.004968e+01,  1.500000e-04,  3.81710788e+00
  3.97392739e+00,  8.06525483e-04,  3.48211149e+00,           4,    1.420000e-02,  6.591622e+01,  4.291524e+01,  2.862552e+03,  2.012205e+01,  1.421980e+06,  6.454263e-01,  3.006031e+01,  0.000000e+00,  3.006031e+01,  1.500000e-04,  3.81710788e+00
  3.97473391e+00,  8.06525483e-04,  3.48291802e+00,           4,    1.420000e-02,  6.591622e+01,  4.279426e+01,  2.864598e+03,  2.012205e+01,  1.422355e+06,  6.452383e-01,  3.007094e+01,  0.000000e+00,  3.007094e+01,  1.500000e-04,  3.81710788e+00
  3.97554044e+00,  8.06525483e-04,  3.48372454e+00,           4,    1.420000e-02,  6.591622e+01,  4.267328e+01,  2.866632e+03,  2.012205e+01,  1.422732e+06,  6.450521e-01,  3.008156e+01,  0.000000e+00,  3.008156e+01,  1.500000e-04,  3.81710788e+00
  3.97634696e+00,  8.06525483e-04,  3.48453107e+00,           4,    1.420000e-02,  6.591622e+01,  4.255231e+01,  2.868654e+03,  2.012205e+01,  1.423113e+06,  6.448678e-01,  3.009219e+01,  0.000000e+00,  3.009219e+01,  1.500000e-04,  3.81710788e+00
  3.97715349e+00,  8.06525483e-04,  3.48533759e+00,           4,    1.420000e-02,  6.591622e+01,  4.243133e+01,  2.870664e+03,  2.012205e+01,  1.423496e+06,  6.446855e-01,  3.010282e+01,  0.000000e+00,  3.010282e+01,  1.500000e-04,  3.81710788e+00
  3.97796001e+00,  8.06525483e-04,  3.48614412e+00,           4,    1.420000e-02,  6.591622e+01,  4.231035e+01,  2.872661e+03,  2.012205e+01,  1.423883e+06,  6.445052e-01,  3.011344e+01,  0.000000e+00,  3.011344e+01,  1.500000e-04,  3.81710788e+00
  3.97876654e+00,  8.06525483e-04,  3.48695064e+00,           4,    1.420000e-02,  6.591622e+01,  4.218937e+01,  2.874643e+03,  2.012205e+01,  1.424273e+06,  6.443270e-01,  3.012407e+01,  0.000000e+00,  3.012407e+01,  1.500000e-04,  3.81710788e+00
  3.97957306e+00,  8.06525483e-04,  3.48775717e+00,           4,    1.420000e-02,  6.591622e+01,  4.206839e+01,  2.876612e+03,  2.012205e+01,  1.424666e+06,  6.441509e-01,  3.013470e+01,  0.000000e+00,  3.013470e+01,  1.500000e-04,  3.81710788e+00
  3.98037959e+00,  8.06525483e-04,  3.48856369e+00,           4,    1.420000e-02,  6.591622e+01,  4.194741e+01,  2.878565e+03,  2.012205e+01,  1.425062e+06,  6.439771e-01,  3.014533e+01,  0.000000e+00,  3.014533e+01,  1.500000e-04,  3.81710788e+00
  3.98118611e+00,  8.06525483e-04,  3.48937022e+00,           4,    1.420000e-02,  6.591622e+01,  4.182643e+01,  2.880502e+03,  2.012205e+01,  1.425461e+06,  6.438055e-01,  3.015595e+01,  0.000000e+00,  3.015595e+01,  1.500000e-04,  3.81710788e+00
  3.98199264e+00,  8.06525483e-04,  3.49017674e+00,           4,    1.420000e-02,  6.591622e+01,  4.170545e+01,  2.882423e+03,  2.012205e+01,  1.425863e+06,  6.436364e-01,  3.016658e+01,  0.000000e+00,  3.016658e+01,  1.500000e-04,  3.81710788e+00
  3.98279917e+00,  8.06525483e-04,  3.49098327e+00,           4,    1.420000e-02,  6.591622e+01,  4.158448e+01,  2.884327e+03,  2.012205e+01,  1.426269e+06,  6.434697e-01,  3.017721e+01,  0.000000e+00,  3.017721e+01,  1.500000e-04,  3.81710788e+00
  3.98360569e+00,  8.06525483e-04,  3.49178980e+00,           4,    1.420000e-02,  6.591622e+01,  4.146350e+01,  2.886213e+03,  2.012205e+01,  1.426677e+06,  6.433055e-01,  3.018783e+01,  0.000000e+00,  3.018783e+01,  1.500000e-04,  3.81710788e+00
  3.98441222e+00,  8.06525483e-04,  3.49259632e+00,           4,    1.420000e-02,  6.591622e+01,  4.134252e+01,  2.888080e+03,  2.012205e+01,  1.427089e+06,  6.431439e-01,  3.019846e+01,  0.000000e+00,  3.019846e+01,  1.500000e-04,  3.81710788e+00
  3.98521874e+00,  8.06525483e-04,  3.49340285e+00,           4,    1.420000e-02,  6.591622e+01,  4.122154e+01,  2.889927e+03,  2.012205e+01,  1.427504e+06,  6.429851e-01,  3.020909e+01,  0.000000e+00,  3.020909e+01,  1.500000e-04,  3.81710788e+00
  3.98602527e+00,  8.06525483e-04,  3.49420937e+00,           4,    1.420000e-02,  6.591622e+01,  4.110056e+01,  2.891754e+03,  2.012205e+01,  1.427922e+06,  6.428290e-01,  3.021971e+01,  0.000000e+00,  3.021971e+01,  1.500000e-04,  3.81710788e+00
  3.98683179e+00,  8.06525483e-04,  3.49501590e+00,           4,    1.420000e-02,  6.591622e+01,  4.097958e+01,  2.893559e+03,  2.012205e+01,  1.428343e+06,  6.426759e-01,  3.023034e+01,  0.000000e+00,  3.023034e+01,  1.500000e-04,  3.81710788e+00
  3.98763832e+00,  8.06525483e-04,  3.49582242e+00,           4,    1.420000e-02,  6.591622e+01,  4.085860e+01,  2.895342e+03,  2.012205e+01,  1.428768e+06,  6.425257e-01,  3.024097e+01,  0.000000e+00,  3.024097e+01,  1.500000e-04,  3.81710788e+00
  3.98844484e+00,  8.06525483e-04,  3.49662895e+00,           4,    1.420000e-02,  6.591622e+01,  4.073762e+01,  2.897101e+03,  2.012205e+01,  1.429196e+06,  6.423786e-01,  3.025159e+01,  0.000000e+00,  3.025159e+01,  1.500000e-04,  3.81710788e+00
  3.98925137e+00,  8.06525483e-04,  3.49743547e+00,           4,    1.420000e-02,  6.591622e+01,  4.061665e+01,  2.898836e+03,  2.012205e+01,  1.429626e+06,  6.422347e-01,  3.026222e+01,  0.000000e+00,  3.026222e+01,  1.500000e-04,  3.81710788e+00
  3.99005789e+00,  8.06525483e-04,  3.49824200e+00,           4,    1.420000e-02,  6.591622e+01,  4.049567e+01,  2.900546e+03,  2.012205e+01,  1.430061e+06,  6.420942e-01,  3.027285e+01,  0.000000e+00,  3.027285e+01,  1.500000e-04,  3.81710788e+00
  3.99086442e+00,  8.06525483e-04,  3.49904853e+00,           4,    1.420000e-02,  6.591622e+01,  4.037469e+01,  2.902229e+03,  2.012205e+01,  1.430498e+06,  6.419570e-01,  3.028347e+01,  0.000000e+00,  3.028347e+01,  1.500000e-04,  3.81710788e+00
  3.99167095e+00,  8.06525483e-04,  3.49985505e+00,           4,    1.420000e-02,  6.591622e+01,  4.025371e+01,  2.903885e+03,  2.012205e+01,  1.430939e+06,  6.418234e-01,  3.029410e+01,  0.000000e+00,  3.029410e+01,  1.500000e-04,  3.81710788e+00
  3.99247747e+00,  8.06525483e-04,  3.50066158e+00,           4,    1.420000e-02,  6.591622e+01,  4.013273e+01,  2.905511e+03,  2.012205e+01,  1.431383e+06,  6.416935e-01,  3.030473e+01,  0.000000e+00,  3.030473e+01,  1.500000e-04,  3.81710788e+00
  3.99328400e+00,  8.06525483e-04,  3.50146810e+00,           4,    1.420000e-02,  6.591622e+01,  4.001175e+01,  2.907108e+03,  2.012205e+01,  1.431830e+06,  6.415674e-01,  3.031535e+01,  0.000000e+00,  3.031535e+01,  1.500000e-04,  3.81710788e+00
  3.99409052e+00,  8.06525483e-04,  3.50227463e+00,           4,    1.420000e-02,  6.591622e+01,  3.989077e+01,  2.908673e+03,  2.012205e+01,  1.432280e+06,  6.414452e-01,  3.032598e+01,  0.000000e+00,  3.032598e+01,  1.500000e-04,  3.81710788e+00
  3.99489705e+00,  8.06525483e-04,  3.50308115e+00,           4,    1.420000e-02,  6.591622e+01,  3.976979e+01,  2.910205e+03,  2.012205e+01,  1.432734e+06,  6.413271e-01,  3.033661e+01,  0.000000e+00,  3.033661e+01,  1.500000e-04,  3.81710788e+00
  3.99570357e+00,  8.06525483e-04,  3.50388768e+00,           4,    1.420000e-02,  6.591622e+01,  3.964881e+01,  2.911703e+03,  2.012205e+01,  1.433191e+06,  6.412132e-01,  3.034723e+01,  0.000000e+00,  3.034723e+01,  1.500000e-04,  3.81710788e+00
  3.99651010e+00,  8.06525483e-04,  3.50469420e+00,           4,    1.420000e-02,  6.591622e+01,  3.952784e+01,  2.913166e+03,  2.012205e+01,  1.433652e+06,  6.411038e-01,  3.035786e+01,  0.000000e+00,  3.035786e+01,  1.500000e-04,  3.81710788e+00
  3.99731662e+00,  8.06525483e-04,  3.50550073e+00,           4,    1.420000e-02,  6.591622e+01,  3.940686e+01,  2.914591e+03,  2.012205e+01,  1.434116e+06,  6.409988e-01,  3.036849e+01,  0.000000e+00,  3.036849e+01,  1.500000e-04,  3.81710788e+00
  3.99812315e+00,  8.06525483e-04,  3.50630725e+00,           4,    1.420000e-02,  6.591622e+01,  3.928588e+01,  2.915977e+03,  2.012205e+01,  1.434583e+06,  6.408986e-01,  3.037911e+01,  0.000000e+00,  3.037911e+01,  1.500000e-04,  3.81710788e+00
  3.99892968e+00,  8.06525483e-04,  3.50711378e+00,           4,    1.420000e-02,  6.591622e+01,  3.916490e+01,  2.917323e+03,  2.012205e+01,  1.435053e+06,  6.408033e-01,  3.038974e+01,  0.000000e+00,  3.038974e+01,  1.500000e-04,  3.81710788e+00
  3.99973620e+00,  8.06525483e-04,  3.50792031e+00,           4,    1.420000e-02,  6.591622e+01,  3.904392e+01,  2.918626e+03,  2.012205e+01,  1.435527e+06,  6.407131e-01,  3.040037e+01,  0.000000e+00,  3.040037e+01,  1.500000e-04,  3.81710788e+00
  4.00054273e+00,  8.06525483e-04,  3.50872683e+00,           4,    1.420000e-02,  6.591622e+01,  3.892294e+01,  2.919885e+03,  2.012205e+01,  1.436004e+06,  6.406281e-01,  3.041100e+01,  0.000000e+00,  3.041100e+01,  1.500000e-04,  3.81710788e+00
  4.00134925e+00,  8.06525483e-04,  3.50953336e+00,           4,    1.420000e-02,  6.591622e+01,  3.880196e+01,  2.921099e+03,  2.012205e+01,  1.436485e+06,  6.405487e-01,  3.042162e+01,  0.000000e+00,  3.042162e+01,  1.500000e-04,  3.81710788e+00
  4.00215578e+00,  8.06525483e-04,  3.51033988e+00,           4,    1.420000e-02,  6.591622e+01,  3.868098e+01,  2.922263e+03,  2.012205e+01,  1.436969e+06,  6.404749e-01,  3.043225e+01,  0.000000e+00,  3.043225e+01,  1.500000e-04,  3.81710788e+00
  4.00296230e+00,  8.06525483e-04,  3.51114641e+00,           4,    1.420000e-02,  6.591622e+01,  3.856001e+01,  2.923378e+03,  2.012205e+01,  1.437456e+06,  6.404071e-01,  3.044288e+01,  0.000000e+00,  3.044288e+01,  1.500000e-04,  3.81710788e+00
  4.00376883e+00,  8.06525483e-04,  3.51195293e+00,           4,    1.420000e-02,  6.591622e+01,  3.843903e+01,  2.924440e+03,  2.012205e+01,  1.437947e+06,  6.403455e-01,  3.045350e+01,  0.000000e+00,  3.045350e+01,  1.500000e-04,  3.81710788e+00
  4.00457535e+00,  8.06525483e-04,  3.51275946e+00,           4,    1.420000e-02,  6.591622e+01,  3.831805e+01,  2.925447e+03,  2.012205e+01,  1.438441e+06,  6.402902e-01,  3.046413e+01,  0.000000e+00,  3.046413e+01,  1.500000e-04,  3.81710788e+00
  4.00538188e+00,  8.06525483e-04,  3.51356598e+00,           4,    1.420000e-02,  6.591622e+01,  3.819707e+01,  2.926397e+03,  2.012205e+01,  1.438939e+06,  6.402417e-01,  3.047476e+01,  0.000000e+00,  3.047476e+01,  1.500000e-04,  3.81710788e+00
  4.00618840e+00,  8.06525483e-04,  3.51437251e+00,           4,    1.420000e-02,  6.591622e+01,  3.807609e+01,  2.927287e+03,  2.012205e+01,  1.439440e+06,  6.402001e-01,  3.048538e+01,  0.000000e+00,  3.048538e+01,  1.500000e-04,  3.81710788e+00
  4.00699493e+00,  8.06525483e-04,  3.51517903e+00,           4,    1.420000e-02,  6.591622e+01,  3.795511e+01,  2.928114e+03,  2.012205e+01,  1.439944e+06,  6.401658e-01,  3.049601e+01,  0.000000e+00,  3.049601e+01,  1.500000e-04,  3.81710788e+00
  4.00780146e+00,  8.06525483e-04,  3.51598556e+00,           4,    1.420000e-02,  6.591622e+01,  3.783413e+01,  2.928875e+03,  2.012205e+01,  1.440452e+06,  6.401390e-01,  3.050664e+01,  0.000000e+00,  3.050664e+01,  1.500000e-04,  3.81710788e+00
  4.00860798e+00,  8.06525483e-04,  3.51679209e+00,           4,    1.420000e-02,  6.591622e+01,  3.771315e+01,  2.929567e+03,  2.012205e+01,  1.440964e+06,  6.401202e-01,  3.051726e+01,  0.000000e+00,  3.051726e+01,  1.500000e-04,  3.81710788e+00
  4.00941451e+00,  8.06525483e-04,  3.51759861e+00,           4,    1.420000e-02,  6.591622e+01,  3.759217e+01,  2.930188e+03,  2.012205e+01,  1.441479e+06,  6.401096e-01,  3.052789e+01,  0.000000e+00,  3.052789e+01,  1.500000e-04,  3.81710788e+00
  4.01022103e+00,  8.06525483e-04,  3.51840514e+00,           4,    1.420000e-02,  6.591622e+01,  3.747120e+01,  2.930733e+03,  2.012205e+01,  1.441997e+06,  6.401076e-01,  3.053852e+01,  0.000000e+00,  3.053852e+01,  1.500000e-04,  3.81710788e+00
  4.01102756e+00,  8.06525483e-04,  3.51921166e+00,           4,    1.420000e-02,  6.591622e+01,  3.735022e+01,  2.931199e+03,  2.012205e+01,  1.442519e+06,  6.401146e-01,  3.054914e+01,  0.000000e+00,  3.054914e+01,  1.500000e-04,  3.81710788e+00
  4.01183408e+00,  8.06525483e-04,  3.52001819e+00,           4,    1.420000e-02,  6.591622e+01,  3.722924e+01,  2.931583e+03,  2.012205e+01,  1.443044e+06,  6.401310e-01,  3.055977e+01,  0.000000e+00,  3.055977e+01,  1.500000e-04,  3.81710788e+00
  4.01264061e+00,  8.06525483e-04,  3.52082471e+00,           4,    1.420000e-02,  6.591622e+01,  3.710826e+01,  2.931879e+03,  2.012205e+01,  1.443573e+06,  6.401573e-01,  3.057040e+01,  0.000000e+00,  3.057040e+01,  1.500000e-04,  3.81710788e+00
  4.01344713e+00,  8.06525483e-04,  3.52163124e+00,           4,    1.420000e-02,  6.591622e+01,  3.698728e+01,  2.932085e+03,  2.012205e+01,  1.444106e+06,  6.401939e-01,  3.058102e+01,  0.000000e+00,  3.058102e+01,  1.500000e-04,  3.81710788e+00
  4.01425366e+00,  8.06525483e-04,  3.52243776e+00,           4,    1.420000e-02,  6.591622e+01,  3.686630e+01,  2.932195e+03,  2.012205e+01,  1.444642e+06,  6.402413e-01,  3.059165e+01,  0.000000e+00,  3.059165e+01,  1.500000e-04,  3.81710788e+00
  4.01506018e+00,  8.06525483e-04,  3.52324429e+00,           4,    1.420000e-02,  6.591622e+01,  3.674532e+01,  2.932204e+03,  2.012205e+01,  1.445182e+06,  6.403001e-01,  3.060228e+01,  0.000000e+00,  3.060228e+01,  1.500000e-04,  3.81710788e+00
  4.01586671e+00,  8.06525483e-04,  3.52405082e+00,           4,    1.420000e-02,  6.591622e+01,  3.662434e+01,  2.932107e+03,  2.012205e+01,  1.445725e+06,  6.403708e-01,  3.061290e+01,  0.000000e+00,  3.061290e+01,  1.500000e-04,  3.81710788e+00
  4.01667324e+00,  8.06525483e-04,  3.52485734e+00,           4,    1.420000e-02,  6.591622e+01,  3.650337e+01,  2.931899e+03,  2.012205e+01,  1.446272e+06,  6.404540e-01,  3.062353e+01,  0.000000e+00,  3.062353e+01,  1.500000e-04,  3.81710788e+00
  4.01747976e+00,  8.06525483e-04,  3.52566387e+00,           4,    1.420000e-02,  6.591622e+01,  3.638239e+01,  2.931574e+03,  2.012205e+01,  1.446822e+06,  6.405504e-01,  3.063416e+01,  0.000000e+00,  3.063416e+01,  1.500000e-04,  3.81710788e+00
  4.01828629e+00,  8.06525483e-04,  3.52647039e+00,           4,    1.420000e-02,  6.591622e+01,  3.626141e+01,  2.931126e+03,  2.012205e+01,  1.447376e+06,  6.406607e-01,  3.064479e+01,  0.000000e+00,  3.064479e+01,  1.500000e-04,  3.81710788e+00
  4.01909281e+00,  8.06525483e-04,  3.52727692e+00,           4,    1.420000e-02,  6.591622e+01,  3.614043e+01,  2.930547e+03,  2.012205e+01,  1.447934e+06,  6.407857e-01,  3.065541e+01,  0.000000e+00,  3.065541e+01,  1.500000e-04,  3.81710788e+00
  4.01989934e+00,  8.06525483e-04,  3.52808344e+00,           4,    1.420000e-02,  6.591622e+01,  3.601945e+01,  2.929831e+03,  2.012205e+01,  1.448495e+06,  6.409261e-01,  3.066604e+01,  0.000000e+00,  3.066604e+01,  1.500000e-04,  3.81710788e+00
  4.02070586e+00,  8.06525483e-04,  3.52888997e+00,           4,    1.420000e-02,  6.591622e+01,  3.589847e+01,  2.928970e+03,  2.012205e+01,  1.449060e+06,  6.410828e-01,  3.067667e+01,  0.000000e+00,  3.067667e+01,  1.500000e-04,  3.81710788e+00
  4.02151239e+00,  8.06525483e-04,  3.52969649e+00,           4,    1.420000e-02,  6.591622e+01,  3.577749e+01,  2.927955e+03,  2.012205e+01,  1.449628e+06,  6.412568e-01,  3.068729e+01,  0.000000e+00,  3.068729e+01,  1.500000e-04,  3.81710788e+00
  4.02231891e+00,  8.06525483e-04,  3.53050302e+00,           4,    1.420000e-02,  6.591622e+01,  3.565651e+01,  2.926777e+03,  2.012205e+01,  1.450201e+06,  6.414491e-01,  3.069792e+01,  0.000000e+00,  3.069792e+01,  1.500000e-04,  3.81710788e+00
  4.02312544e+00,  8.06525483e-04,  3.53130954e+00,           4,    1.420000e-02,  6.591622e+01,  3.553553e+01,  2.925427e+03,  2.012205e+01,  1.450776e+06,  6.416607e-01,  3.070855e+01,  0.000000e+00,  3.070855e+01,  1.500000e-04,  3.81710788e+00
  4.02393197e+00,  8.06525483e-04,  3.53211607e+00,           4,    1.420000e-02,  6.591622e+01,  3.541456e+01,  2.923894e+03,  2.012205e+01,  1.451356e+06,  6.418930e-01,  3.071917e+01,  0.000000e+00,  3.071917e+01,  1.500000e-04,  3.81710788e+00
  4.02473849e+00,  8.06525483e-04,  3.53292260e+00,           4,    1.420000e-02,  6.591622e+01,  3.529358e+01,  2.922166e+03,  2.012205e+01,  1.451939e+06,  6.421473e-01,  3.072980e+01,  0.000000e+00,  3.072980e+01,  1.500000e-04,  3.81710788e+00
  4.02554502e+00,  8.06525483e-04,  3.53372912e+00,           4,    1.420000e-02,  6.591622e+01,  3.517260e+01,  2.920231e+03,  2.012205e+01,  1.452526e+06,  6.424249e-01,  3.074043e+01,  0.000000e+00,  3.074043e+01,  1.500000e-04,  3.81710788e+00
  4.02635154e+00,  8.06525483e-04,  3.53453565e+00,           4,    1.420000e-02,  6.591622e+01,  3.505162e+01,  2.918076e+03,  2.012205e+01,  1.453117e+06,  6.427275e-01,  3.075105e+01,  0.000000e+00,  3.075105e+01,  1.500000e-04,  3.81710788e+00
  4.02715807e+00,  8.06525483e-04,  3.53534217e+00,           4,    1.420000e-02,  6.591622e+01,  3.493064e+01,  2.915684e+03,  2.012205e+01,  1.453711e+06,  6.430568e-01,  3.076168e+01,  0.000000e+00,  3.076168e+01,  1.500000e-04,  3.81710788e+00
  4.02796459e+00,  8.06525483e-04,  3.53614870e+00,           4,    1.420000e-02,  6.591622e+01,  3.480966e+01,  2.913039e+03,  2.012205e+01,  1.454309e+06,  6.434147e-01,  3.077231e+01,  0.000000e+00,  3.077231e+01,  1.500000e-04,  3.81710788e+00
  4.02877112e+00,  8.06525483e-04,  3.53695522e+00,           4,    1.420000e-02,  6.591622e+01,  3.468868e+01,  2.910124e+03,  2.012205e+01,  1.454911e+06,  6.438035e-01,  3.078293e+01,  0.000000e+00,  3.078293e+01,  1.500000e-04,  3.81710788e+00
  4.02957764e+00,  8.06525483e-04,  3.53776175e+00,           4,    1.420000e-02,  6.591622e+01,  3.456770e+01,  2.906918e+03,  2.012205e+01,  1.455517e+06,  6.442255e-01,  3.079356e+01,  0.000000e+00,  3.079356e+01,  1.500000e-04,  3.81710788e+00
  4.03038417e+00,  8.06525483e-04,  3.53856827e+00,           4,    1.420000e-02,  6.591622e+01,  3.444673e+01,  2.903398e+03,  2.012205e+01,  1.456126e+06,  6.446833e-01,  3.080419e+01,  0.000000e+00,  3.080419e+01,  1.500000e-04,  3.81710788e+00
  4.03119069e+00,  8.06525483e-04,  3.53937480e+00,           4,    1.420000e-02,  6.591622e+01,  3.432575e+01,  2.899539e+03,  2.012205e+01,  1.456739e+06,  6.451801e-01,  3.081481e+01,  0.000000e+00,  3.081481e+01,  1.500000e-04,  3.81710788e+00
  4.03199722e+00,  8.06525483e-04,  3.54018132e+00,           4,    1.420000e-02,  6.591622e+01,  3.420477e+01,  2.895313e+03,  2.012205e+01,  1.457356e+06,  6.457191e-01,  3.082544e+01,  0.000000e+00,  3.082544e+01,  1.500000e-04,  3.81710788e+00
  4.03280375e+00,  8.06525483e-04,  3.54098785e+00,           4,    1.420000e-02,  6.591622e+01,  3.408379e+01,  2.890688e+03,  2.012205e+01,  1.457976e+06,  6.463043e-01,  3.083607e+01,  0.000000e+00,  3.083607e+01,  1.500000e-04,  3.81710788e+00
  4.03361027e+00,  8.06525483e-04,  3.54179438e+00,           4,    1.420000e-02,  6.591622e+01,  3.396281e+01,  2.885627e+03,  2.012205e+01,  1.458601e+06,  6.469400e-01,  3.084669e+01,  0.000000e+00,  3.084669e+01,  1.500000e-04,  3.81710788e+00
  4.03441680e+00,  8.06525483e-04,  3.54260090e+00,           4,    1.420000e-02,  6.591622e+01,  3.384183e+01,  2.880089e+03,  2.012205e+01,  1.459229e+06,  6.476315e-01,  3.085732e+01,  0.000000e+00,  3.085732e+01,  1.500000e-04,  3.81710788e+00
  4.03522332e+00,  8.06525483e-04,  3.54340743e+00,           4,    1.420000e-02,  6.591622e+01,  3.372085e+01,  2.874025e+03,  2.012205e+01,  1.459861e+06,  6.483845e-01,  3.086795e+01,  0.000000e+00,  3.086795e+01,  1.500000e-04,  3.81710788e+00
  4.03602985e+00,  8.06525483e-04,  3.54421395e+00,           4,    1.420000e-02,  6.591622e+01,  3.359987e+01,  2.867379e+03,  2.012205e+01,  1.460497e+06,  6.492061e-01,  3.087857e+01,  0.000000e+00,  3.087857e+01,  1.500000e-04,  3.81710788e+00
  4.03683637e+00,  8.06525483e-04,  3.54502048e+00,           4,    1.420000e-02,  6.591622e+01,  3.347889e+01,  2.860085e+03,  2.012205e+01,  1.461137e+06,  6.501046e-01,  3.088920e+01,  0.000000e+00,  3.088920e+01,  1.500000e-04,  3.81710788e+00
  4.03764290e+00,  8.06525483e-04,  3.54582700e+00,           4,    1.420000e-02,  6.591622e+01,  3.335792e+01,  2.852065e+03,  2.012205e+01,  1.461780e+06,  6.510897e-01,  3.089983e+01,  0.000000e+00,  3.089983e+01,  1.500000e-04,  3.81710788e+00
  4.03844942e+00,  8.06525483e-04,  3.54663353e+00,           4,    1.420000e-02,  6.591622e+01,  3.323694e+01,  2.843223e+03,  2.012205e+01,  1.462428e+06,  6.521735e-01,  3.091046e+01,  0.000000e+00,  3.091046e+01,  1.500000e-04,  3.81710788e+00
  4.03925595e+00,  8.06525483e-04,  3.54744005e+00,           4,    1.420000e-02,  6.591622e+01,  3.311596e+01,  2.833443e+03,  2.012205e+01,  1.463079e+06,  6.533707e-01,  3.092108e+01,  0.000000e+00,  3.092108e+01,  1.500000e-04,  3.81710788e+00
  4.04006247e+00,  8.06525483e-04,  3.54824658e+00,           4,    1.420000e-02,  6.591622e+01,  3.299498e+01,  2.822582e+03,  2.012205e+01,  1.463734e+06,  6.546999e-01,  3.093171e+01,  0.000000e+00,  3.093171e+01,  1.500000e-04,  3.81710788e+00
  4.04086900e+00,  8.06525483e-04,  3.54905311e+00,           4,    1.420000e-02,  6.591622e+01,  3.287400e+01,  2.810455e+03,  2.012205e+01,  1.464392e+06,  6.561846e-01,  3.094234e+01,  0.000000e+00,  3.094234e+01,  1.500000e-04,  3.81710788e+00
  4.04167553e+00,  8.06525483e-04,  3.54985963e+00,           4,    1.420000e-02,  6.591622e+01,  3.275302e+01,  2.796826e+03,  2.012205e+01,  1.465054e+06,  6.578557e-01,  3.095296e+01,  0.000000e+00,  3.095296e+01,  1.500000e-04,  3.81710788e+00
  4.04248205e+00,  8.06525483e-04,  3.55066616e+00,           4,    1.420000e-02,  6.591622e+01,  3.263204e+01,  2.781380e+03,  2.012205e+01,  1.465720e+06,  6.597548e-01,  3.096359e+01,  0.000000e+00,  3.096359e+01,  1.500000e-04,  3.81710788e+00
  4.04328858e+00,  8.06525483e-04,  3.55147268e+00,           4,    1.420000e-02,  6.591622e+01,  3.251106e+01,  2.763684e+03,  2.012205e+01,  1.466389e+06,  6.619392e-01,  3.097422e+01,  0.000000e+00,  3.097422e+01,  1.500000e-04,  3.81710788e+00
  4.04409510e+00,  8.06525483e-04,  3.55227921e+00,           4,    1.420000e-02,  6.591622e+01,  3.239009e+01,  2.743127e+03,  2.012205e+01,  1.467062e+06,  6.644910e-01,  3.098484e+01,  0.000000e+00,  3.098484e+01,  1.500000e-04,  3.81710788e+00
  4.04490163e+00,  8.06525483e-04,  3.55308573e+00,           4,    1.420000e-02,  6.591622e+01,  3.226911e+01,  2.718807e+03,  2.012205e+01,  1.467737e+06,  6.675332e-01,  3.099547e+01,  0.000000e+00,  3.099547e+01,  1.500000e-04,  3.81710788e+00
  4.04490242e+00,  7.87622542e-07,  3.55308652e+00,           4,    1.420000e-02,  6.591622e+01,  3.226899e+01,  2.691589e+03,  2.012205e+01,  1.467732e+06,  6.708994e-01,  3.099548e+01,  0.000000e+00,  3.099548e+01,  1.500000e-04,  3.81710788e+00
  4.04570894e+00,  8.06525483e-04,  3.55389305e+00,           4,    1.420000e-02,  6.591622e+01,  3.214801e+01,  2.689300e+03,  2.012205e+01,  1.468415e+06,  6.712629e-01,  3.100611e+01,  0.000000e+00,  3.100611e+01,  1.500000e-04,  3.81710788e+00
  4.04570973e+00,  7.87622542e-07,  3.55389383e+00,           4,    1.420000e-02,  6.591622e+01,  3.214789e+01,  2.655381e+03,  2.012205e+01,  1.468408e+06,  6.755356e-01,  3.100612e+01,  0.000000e+00,  3.100612e+01,  1.500000e-04,  3.81710788e+00
  4.04651625e+00,  8.06525483e-04,  3.55470036e+00,           4,    1.420000e-02,  6.591622e+01,  3.202691e+01,  2.652353e+03,  2.012205e+01,  1.469094e+06,  6.760001e-01,  3.101674e+01,  0.000000e+00,  3.101674e+01,  1.500000e-04,  3.81710788e+00
  4.04651704e+00,  7.87622542e-07,  3.55470115e+00,           4,    1.420000e-02,  6.591622e+01,  3.202679e+01,  2.608213e+03,  2.012205e+01,  1.469082e+06,  6.816949e-01,  3.101675e+01,  0.000000e+00,  3.101675e+01,  1.500000e-04,  3.81710788e+00
  4.04732357e+00,  8.06525483e-04,  3.55550767e+00,           4,    1.420000e-02,  6.591622e+01,  3.190582e+01,  2.604020e+03,  2.012205e+01,  1.469772e+06,  6.823236e-01,  3.102738e+01,  0.000000e+00,  3.102738e+01,  1.500000e-04,  3.81710788e+00
  4.04732435e+00,  7.87622542e-07,  3.55550846e+00,           4,    1.420000e-02,  6.591622e+01,  3.190570e+01,  2.543102e+03,  2.012205e+01,  1.469752e+06,  6.904451e-01,  3.102739e+01,  0.000000e+00,  3.102739e+01,  1.500000e-04,  3.81710788e+00
  4.04813088e+00,  8.06525483e-04,  3.55631498e+00,           4,    1.420000e-02,  6.591622e+01,  3.178472e+01,  2.536925e+03,  2.012205e+01,  1.470445e+06,  6.913666e-01,  3.103802e+01,  0.000000e+00,  3.103802e+01,  1.500000e-04,  3.81710788e+00
  4.04813167e+00,  7.87622542e-07,  3.55631577e+00,           4,    1.420000e-02,  6.591622e+01,  3.178460e+01,  2.445937e+03,  2.012205e+01,  1.470407e+06,  7.041039e-01,  3.103803e+01,  0.000000e+00,  3.103803e+01,  1.500000e-04,  3.81710788e+00
  4.04893819e+00,  8.06525483e-04,  3.55712230e+00,           4,    1.420000e-02,  6.591622e+01,  3.166362e+01,  2.436048e+03,  2.012205e+01,  1.471102e+06,  7.056149e-01,  3.104866e+01,  0.000000e+00,  3.104866e+01,  1.500000e-04,  3.81710788e+00
  4.04893898e+00,  7.87622542e-07,  3.55712309e+00,           4,    1.420000e-02,  6.591622e+01,  3.166350e+01,  2.285344e+03,  2.012205e+01,  1.471024e+06,  7.284995e-01,  3.104867e+01,  0.000000e+00,  3.104867e+01,  1.500000e-04,  3.81710788e+00
  4.04974551e+00,  8.06525483e-04,  3.55792961e+00,           4,    1.420000e-02,  6.591622e+01,  3.154252e+01,  2.267733e+03,  2.012205e+01,  1.471718e+06,  7.314089e-01,  3.105929e+01,  0.000000e+00,  3.105929e+01,  1.500000e-04,  3.81710788e+00
  4.04974629e+00,  7.87622542e-07,  3.55793040e+00,           4,    1.420000e-02,  6.591622e+01,  3.154241e+01,  1.985246e+03,  2.012205e+01,  1.471532e+06,  7.816913e-01,  3.105930e+01,  0.000000e+00,  3.105930e+01,  1.500000e-04,  3.81710788e+00
  4.05014956e+00,  4.03262741e-04,  3.55833366e+00,           4,    1.420000e-02,  6.591622e+01,  3.148192e+01,  1.967694e+03,  2.012205e+01,  1.471872e+06,  7.852153e-01,  3.106462e+01,  0.000000e+00,  3.106462e+01,  1.500000e-04,  3.81710788e+00
  4.05014995e+00,  3.93811271e-07,  3.55833406e+00,           4,    1.420000e-02,  6.591622e+01,  3.148186e+01,  1.732119e+03,  2.012205e+01,  1.471676e+06,  8.368819e-01,  3.106462e+01,  0.000000e+00,  3.106462e+01,  1.500000e-04,  3.81710788e+00
  4.05035158e+00,  2.01631371e-04,  3.55853569e+00,           4,    1.420000e-02,  6.591622e+01,  3.145161e+01,  1.719459e+03,  2.012205e+01,  1.471842e+06,  8.399808e-01,  3.106728e+01,  0.000000e+00,  3.106728e+01,  1.500000e-04,  3.81710788e+00
  4.05035198e+00,  3.93811271e-07,  3.55853608e+00,           4,    1.420000e-02,  6.591622e+01,  3.145155e+01,  1.565686e+03,  2.012205e+01,  1.471689e+06,  8.802413e-01,  3.106728e+01,  0.000000e+00,  3.106728e+01,  1.500000e-04,  3.81710788e+00
  4.05055361e+00,  2.01631371e-04,  3.55873771e+00,           4,    1.420000e-02,  6.591622e+01,  3.142131e+01,  1.550493e+03,  2.012205e+01,  1.471851e+06,  8.845677e-01,  3.106994e+01,  0.000000e+00,  3.106994e+01,  1.500000e-04,  3.81710788e+00
  4.05055400e+00,  3.93811271e-07,  3.55873811e+00,           4,    1.420000e-02,  6.591622e+01,  3.142125e+01,  1.367212e+03,  2.012205e+01,  1.471636e+06,  9.419594e-01,  3.106995e+01,  0.000000e+00,  3.106995e+01,  1.500000e-04,  3.81710788e+00
  4.05065482e+00,  1.00815685e-04,  3.55883892e+00,           4,    1.420000e-02,  6.591622e+01,  3.140613e+01,  1.358063e+03,  2.012205e+01,  1.471714e+06,  9.451395e-01,  3.107127e+01,  0.000000e+00,  3.107127e+01,  1.500000e-04,  3.81710788e+00
  4.05065521e+00,  3.93811271e-07,  3.55883932e+00,           4,    1.420000e-02,  6.591622e+01,  3.140607e+01,  1.255152e+03,  2.012205e+01,  1.471574e+06,  9.830994e-01,  3.107128e+01,  0.000000e+00,  3.107128e+01,  1.500000e-04,  3.81710788e+00
  4.05075603e+00,  1.00815685e-04,  3.55894013e+00,           4,    1.420000e-02,  6.591622e+01,  3.139095e+01,  1.245297e+03,  2.012205e+01,  1.471649e+06,  9.869943e-01,  3.107261e+01,  0.000000e+00,  3.107261e+01,  1.500000e-04,  3.81710788e+00
  4.05075622e+00,  1.96905635e-07,  3.55894033e+00,           4,    1.420000e-02,  6.591622e+01,  3.139092e+01,  1.135002e+03,  2.012205e+01,  1.471479e+06,  1.033809e+00,  3.107261e+01,  0.000000e+00,  3.107261e+01,  1.500000e-04,  3.81710788e+00
  4.05085704e+00,  1.00815685e-04,  3.55904114e+00,           4,    1.420000e-02,  6.591622e+01,  3.137579e+01,  1.124716e+03,  2.012205e+01,  1.471551e+06,  1.038538e+00,  3.107394e+01,  0.000000e+00,  3.107394e+01,  1.500000e-04,  3.81710788e+00
  4.05085724e+00,  1.96905635e-07,  3.55904134e+00,           4,    1.420000e-02,  6.591622e+01,  3.137577e+01,  1.007884e+03,  2.012205e+01,  1.471343e+06,  1.097042e+00,  3.107394e+01,  0.000000e+00,  3.107394e+01,  1.500000e-04,  3.81710788e+00
  4.05090764e+00,  5.04078427e-05,  3.55909175e+00,           4,    1.420000e-02,  6.591622e+01,  3.136820e+01,  1.002364e+03,  2.012205e+01,  1.471377e+06,  1.100065e+00,  3.107461e+01,  0.000000e+00,  3.107461e+01,  1.500000e-04,  3.81710788e+00
  4.05090784e+00,  1.96905635e-07,  3.55909195e+00,           4,    1.420000e-02,  6.591622e+01,  3.136817e+01,  9.419879e+02,  2.012205e+01,  1.471255e+06,  1.134748e+00,  3.107461e+01,  0.000000e+00,  3.107461e+01,  1.500000e-04,  3.81710788e+00
  4.05095825e+00,  5.04078427e-05,  3.55914235e+00,           4,    1.420000e-02,  6.591622e+01,  3.136061e+01,  9.363619e+02,  2.012205e+01,  1.471288e+06,  1.138158e+00,  3.107527e+01,  0.000000e+00,  3.107527e+01,  1.500000e-04,  3.81710788e+00
  4.05095845e+00,  1.96905635e-07,  3.55914255e+00,           4,    1.420000e-02,  6.591622e+01,  3.136058e+01,  8.749828e+02,  2.012205e+01,  1.471152e+06,  1.177374e+00,  3.107527e+01,  0.000000e+00,  3.107527e+01,  1.500000e-04,  3.81710788e+00
  4.05100885e+00,  5.04078427e-05,  3.55919296e+00,           4,    1.420000e-02,  6.591622e+01,  3.135302e+01,  8.692789e+02,  2.012205e+01,  1.471183e+06,  1.181237e+00,  3.107594e+01,  0.000000e+00,  3.107594e+01,  1.500000e-04,  3.81710788e+00
  4.05100905e+00,  1.96905635e-07,  3.55919315e+00,           4,    1.420000e-02,  6.591622e+01,  3.135299e+01,  8.072248e+02,  2.012205e+01,  1.471031e+06,  1.225768e+00,  3.107594e+01,  0.000000e+00,  3.107594e+01,  1.500000e-04,  3.81710788e+00
  4.05105946e+00,  5.04078427e-05,  3.55924356e+00,           4,    1.420000e-02,  6.591622e+01,  3.134543e+01,  8.014761e+02,  2.012205e+01,  1.471061e+06,  1.230162e+00,  3.107661e+01,  0.000000e+00,  3.107661e+01,  1.500000e-04,  3.81710788e+00
  4.05105965e+00,  1.96905635e-07,  3.55924376e+00,           4,    1.420000e-02,  6.591622e+01,  3.134540e+01,  7.391358e+02,  2.012205e+01,  1.470889e+06,  1.280952e+00,  3.107661e+01,  0.000000e+00,  3.107661e+01,  1.500000e-04,  3.81710788e+00
  4.05111006e+00,  5.04078427e-05,  3.55929417e+00,           4,    1.420000e-02,  6.591622e+01,  3.133784e+01,  7.333811e+02,  2.012205e+01,  1.470917e+06,  1.285974e+00,  3.107727e+01,  0.000000e+00,  3.107727e+01,  1.500000e-04,  3.81710788e+00
  4.05111016e+00,  9.84528177e-08,  3.55929427e+00,           4,    1.420000e-02,  6.591622e+01,  3.133783e+01,  6.712148e+02,  2.012205e+01,  1.470723e+06,  1.344163e+00,  3.107727e+01,  0.000000e+00,  3.107727e+01,  1.500000e-04,  3.81710788e+00
  4.05116057e+00,  5.04078427e-05,  3.55934467e+00,           4,    1.420000e-02,  6.591622e+01,  3.133027e+01,  6.656194e+02,  2.012205e+01,  1.470750e+06,  1.349807e+00,  3.107794e+01,  0.000000e+00,  3.107794e+01,  1.500000e-04,  3.81710788e+00
  4.05116067e+00,  9.84528177e-08,  3.55934477e+00,           4,    1.420000e-02,  6.591622e+01,  3.133025e+01,  6.041214e+02,  2.012205e+01,  1.470530e+06,  1.416793e+00,  3.107794e+01,  0.000000e+00,  3.107794e+01,  1.500000e-04,  3.81710788e+00
  4.05121108e+00,  5.04078427e-05,  3.55939518e+00,           4,    1.420000e-02,  6.591622e+01,  3.132269e+01,  5.986114e+02,  2.012205e+01,  1.470554e+06,  1.423304e+00,  3.107860e+01,  0.000000e+00,  3.107860e+01,  1.500000e-04,  3.81710788e+00
  4.05121117e+00,  9.84528177e-08,  3.55939528e+00,           4,    1.420000e-02,  6.591622e+01,  3.132267e+01,  5.383360e+02,  2.012205e+01,  1.470305e+06,  1.500808e+00,  3.107860e+01,  0.000000e+00,  3.107860e+01,  1.500000e-04,  3.81710788e+00
  4.05126158e+00,  5.04078427e-05,  3.55944569e+00,           4,    1.420000e-02,  6.591622e+01,  3.131511e+01,  5.329635e+02,  2.012205e+01,  1.470326e+06,  1.508359e+00,  3.107927e+01,  0.000000e+00,  3.107927e+01,  1.500000e-04,  3.81710788e+00
  4.05126168e+00,  9.84528177e-08,  3.55944578e+00,           4,    1.420000e-02,  6.591622e+01,  3.131510e+01,  4.745015e+02,  2.012205e+01,  1.470041e+06,  1.598503e+00,  3.107927e+01,  0.000000e+00,  3.107927e+01,  1.500000e-04,  3.81710788e+00
  4.05128688e+00,  2.52039213e-05,  3.55947099e+00,           4,    1.420000e-02,  6.591622e+01,  3.131132e+01,  4.718530e+02,  2.012205e+01,  1.470050e+06,  1.602986e+00,  3.107960e+01,  0.000000e+00,  3.107960e+01,  1.500000e-04,  3.81710788e+00
  4.05128693e+00,  4.92264089e-08,  3.55947104e+00,           4,    1.420000e-02,  6.591622e+01,  3.131131e+01,  4.434683e+02,  2.012205e+01,  1.469892e+06,  1.653446e+00,  3.107960e+01,  0.000000e+00,  3.107960e+01,  1.500000e-04,  3.81710788e+00
  4.05131214e+00,  2.52039213e-05,  3.55949624e+00,           4,    1.420000e-02,  6.591622e+01,  3.130753e+01,  4.409340e+02,  2.012205e+01,  1.469900e+06,  1.658193e+00,  3.107993e+01,  0.000000e+00,  3.107993e+01,  1.500000e-04,  3.81710788e+00
  4.05131219e+00,  4.92264089e-08,  3.55949629e+00,           4,    1.420000e-02,  6.591622e+01,  3.130752e+01,  4.132280e+02,  2.012205e+01,  1.469732e+06,  1.712831e+00,  3.107994e+01,  0.000000e+00,  3.107994e+01,  1.500000e-04,  3.81710788e+00
  4.05133739e+00,  2.52039213e-05,  3.55952149e+00,           4,    1.420000e-02,  6.591622e+01,  3.130374e+01,  4.107587e+02,  2.012205e+01,  1.469739e+06,  1.717974e+00,  3.108027e+01,  0.000000e+00,  3.108027e+01,  1.500000e-04,  3.81710788e+00
  4.05133744e+00,  4.92264089e-08,  3.55952154e+00,           4,    1.420000e-02,  6.591622e+01,  3.130373e+01,  3.838066e+02,  2.012205e+01,  1.469558e+06,  1.777217e+00,  3.108027e+01,  0.000000e+00,  3.108027e+01,  1.500000e-04,  3.81710788e+00
  4.05136264e+00,  2.52039213e-05,  3.55954675e+00,           4,    1.420000e-02,  6.591622e+01,  3.129995e+01,  3.814088e+02,  2.012205e+01,  1.469563e+06,  1.782796e+00,  3.108060e+01,  0.000000e+00,  3.108060e+01,  1.500000e-04,  3.81710788e+00
  4.05136269e+00,  4.92264089e-08,  3.55954680e+00,           4,    1.420000e-02,  6.591622e+01,  3.129995e+01,  3.552834e+02,  2.012205e+01,  1.469369e+06,  1.847121e+00,  3.108060e+01,  0.000000e+00,  3.108060e+01,  1.500000e-04,  3.81710788e+00
  4.05138790e+00,  2.52039213e-05,  3.55957200e+00,           4,    1.420000e-02,  6.591622e+01,  3.129617e+01,  3.529637e+02,  2.012205e+01,  1.469373e+06,  1.853182e+00,  3.108093e+01,  0.000000e+00,  3.108093e+01,  1.500000e-04,  3.81710788e+00
  4.05138795e+00,  4.92264089e-08,  3.55957205e+00,           4,    1.420000e-02,  6.591622e+01,  3.129616e+01,  3.277346e+02,  2.012205e+01,  1.469164e+06,  1.923120e+00,  3.108093e+01,  0.000000e+00,  3.108093e+01,  1.500000e-04,  3.81710788e+00
  4.05141315e+00,  2.52039213e-05,  3.55959725e+00,           4,    1.420000e-02,  6.591622e+01,  3.129238e+01,  3.254990e+02,  2.012205e+01,  1.469167e+06,  1.929714e+00,  3.108127e+01,  0.000000e+00,  3.108127e+01,  1.500000e-04,  3.81710788e+00
  4.05141320e+00,  4.92264089e-08,  3.55959730e+00,           4,    1.420000e-02,  6.591622e+01,  3.129237e+01,  3.012317e+02,  2.012205e+01,  1.468942e+06,  2.005861e+00,  3.108127e+01,  0.000000e+00,  3.108127e+01,  1.500000e-04,  3.81710788e+00
  4.05143840e+00,  2.52039213e-05,  3.55962251e+00,           4,    1.420000e-02,  6.591622e+01,  3.128859e+01,  2.990860e+02,  2.012205e+01,  1.468944e+06,  2.013044e+00,  3.108160e+01,  0.000000e+00,  3.108160e+01,  1.500000e-04,  3.81710788e+00
  4.05143843e+00,  2.46132044e-08,  3.55962253e+00,           4,    1.420000e-02,  6.591622e+01,  3.128859e+01,  2.758423e+02,  2.012205e+01,  1.468700e+06,  2.096056e+00,  3.108160e+01,  0.000000e+00,  3.108160e+01,  1.500000e-04,  3.81710788e+00
  4.05146363e+00,  2.52039213e-05,  3.55964774e+00,           4,    1.420000e-02,  6.591622e+01,  3.128481e+01,  2.738137e+02,  2.012205e+01,  1.468701e+06,  2.103806e+00,  3.108193e+01,  0.000000e+00,  3.108193e+01,  1.500000e-04,  3.81710788e+00
  4.05146366e+00,  2.46132044e-08,  3.55964776e+00,           4,    1.420000e-02,  6.591622e+01,  3.128480e+01,  2.516444e+02,  2.012205e+01,  1.468438e+06,  2.194423e+00,  3.108193e+01,  0.000000e+00,  3.108193e+01,  1.500000e-04,  3.81710788e+00
  4.05148886e+00,  2.52039213e-05,  3.55967296e+00,           4,    1.420000e-02,  6.591622e+01,  3.128102e+01,  2.497141e+02,  2.012205e+01,  1.468436e+06,  2.202887e+00,  3.108226e+01,  0.000000e+00,  3.108226e+01,  1.500000e-04,  3.81710788e+00
  4.05148888e+00,  2.46132044e-08,  3.55967299e+00,           4,    1.420000e-02,  6.591622e+01,  3.128102e+01,  2.286653e+02,  2.012205e+01,  1.468152e+06,  2.301933e+00,  3.108226e+01,  0.000000e+00,  3.108226e+01,  1.500000e-04,  3.81710788e+00
  4.05151409e+00,  2.52039213e-05,  3.55969819e+00,           4,    1.420000e-02,  6.591622e+01,  3.127724e+01,  2.268371e+02,  2.012205e+01,  1.468148e+06,  2.311189e+00,  3.108260e+01,  0.000000e+00,  3.108260e+01,  1.500000e-04,  3.81710788e+00
  4.05151411e+00,  2.46132044e-08,  3.55969822e+00,           4,    1.420000e-02,  6.591622e+01,  3.127723e+01,  2.069467e+02,  2.012205e+01,  1.467841e+06,  2.419583e+00,  3.108260e+01,  0.000000e+00,  3.108260e+01,  1.500000e-04,  3.81710788e+00
  4.05153932e+00,  2.52039213e-05,  3.55972342e+00,           4,    1.420000e-02,  6.591622e+01,  3.127345e+01,  2.052235e+02,  2.012205e+01,  1.467835e+06,  2.429717e+00,  3.108293e+01,  0.000000e+00,  3.108293e+01,  1.500000e-04,  3.81710788e+00
  4.05153934e+00,  2.46132044e-08,  3.55972345e+00,           4,    1.420000e-02,  6.591622e+01,  3.127345e+01,  1.865204e+02,  2.012205e+01,  1.467501e+06,  2.548481e+00,  3.108293e+01,  0.000000e+00,  3.108293e+01,  1.500000e-04,  3.81710788e+00
  4.05156455e+00,  2.52039213e-05,  3.55974865e+00,           4,    1.420000e-02,  6.591622e+01,  3.126967e+01,  1.849043e+02,  2.012205e+01,  1.467492e+06,  2.559590e+00,  3.108326e+01,  0.000000e+00,  3.108326e+01,  1.500000e-04,  3.81710788e+00
  4.05156456e+00,  1.23066022e-08,  3.55974866e+00,           4,    1.420000e-02,  6.591622e+01,  3.126967e+01,  1.674082e+02,  2.012205e+01,  1.467129e+06,  2.689854e+00,  3.108326e+01,  0.000000e+00,  3.108326e+01,  1.500000e-04,  3.81710788e+00
  4.05158976e+00,  2.52039213e-05,  3.55977387e+00,           4,    1.420000e-02,  6.591622e+01,  3.126589e+01,  1.659088e+02,  2.012205e+01,  1.467118e+06,  2.701977e+00,  3.108359e+01,  0.000000e+00,  3.108359e+01,  1.500000e-04,  3.81710788e+00
  4.05158977e+00,  1.23066022e-08,  3.55977388e+00,           4,    1.420000e-02,  6.591622e+01,  3.126588e+01,  1.496270e+02,  2.012205e+01,  1.466723e+06,  2.844998e+00,  3.108359e+01,  0.000000e+00,  3.108359e+01,  1.500000e-04,  3.81710788e+00
  4.05161498e+00,  2.52039213e-05,  3.55979908e+00,           4,    1.420000e-02,  6.591622e+01,  3.126210e+01,  1.482356e+02,  2.012205e+01,  1.466709e+06,  2.858313e+00,  3.108393e+01,  0.000000e+00,  3.108393e+01,  1.500000e-04,  3.81710788e+00
  4.05161499e+00,  1.23066022e-08,  3.55979909e+00,           4,    1.420000e-02,  6.591622e+01,  3.126210e+01,  1.331665e+02,  2.012205e+01,  1.466278e+06,  3.015481e+00,  3.108393e+01,  0.000000e+00,  3.108393e+01,  1.500000e-04,  3.81710788e+00
  4.05164019e+00,  2.52039213e-05,  3.55982430e+00,           4,    1.420000e-02,  6.591622e+01,  3.125832e+01,  1.318825e+02,  2.012205e+01,  1.466261e+06,  3.030116e+00,  3.108426e+01,  0.000000e+00,  3.108426e+01,  1.500000e-04,  3.81710788e+00
  4.05164021e+00,  1.23066022e-08,  3.55982431e+00,           4,    1.420000e-02,  6.591622e+01,  3.125832e+01,  1.180139e+02,  2.012205e+01,  1.465790e+06,  3.202959e+00,  3.108426e+01,  0.000000e+00,  3.108426e+01,  1.500000e-04,  3.81710788e+00
  4.05166541e+00,  2.52039213e-05,  3.55984951e+00,           4,    1.420000e-02,  6.591622e+01,  3.125454e+01,  1.168357e+02,  2.012205e+01,  1.465770e+06,  3.219057e+00,  3.108459e+01,  0.000000e+00,  3.108459e+01,  1.500000e-04,  3.81710788e+00
  4.05166542e+00,  6.15330111e-09,  3.55984952e+00,           4,    1.420000e-02,  6.591622e+01,  3.125454e+01,  1.041453e+02,  2.012205e+01,  1.465254e+06,  3.409246e+00,  3.108459e+01,  0.000000e+00,  3.108459e+01,  1.500000e-04,  3.81710788e+00
  4.05167802e+00,  1.26019607e-05,  3.55986212e+00,           4,    1.420000e-02,  6.591622e+01,  3.125265e+01,  1.036069e+02,  2.012205e+01,  1.465242e+06,  3.418086e+00,  3.108476e+01,  0.000000e+00,  3.108476e+01,  1.500000e-04,  3.81710788e+00
  4.05167802e+00,  6.15330111e-09,  3.55986213e+00,           4,    1.420000e-02,  6.591622e+01,  3.125265e+01,  9.768191e+01,  2.012205e+01,  1.464966e+06,  3.520058e+00,  3.108476e+01,  0.000000e+00,  3.108476e+01,  1.500000e-04,  3.81710788e+00
  4.05169063e+00,  1.26019607e-05,  3.55987473e+00,           4,    1.420000e-02,  6.591622e+01,  3.125076e+01,  9.716872e+01,  2.012205e+01,  1.464953e+06,  3.529333e+00,  3.108492e+01,  0.000000e+00,  3.108492e+01,  1.500000e-04,  3.81710788e+00
  4.05169063e+00,  6.15330111e-09,  3.55987474e+00,           4,    1.420000e-02,  6.591622e+01,  3.125076e+01,  9.152564e+01,  2.012205e+01,  1.464664e+06,  3.636328e+00,  3.108492e+01,  0.000000e+00,  3.108492e+01,  1.500000e-04,  3.81710788e+00
  4.05170323e+00,  1.26019607e-05,  3.55988734e+00,           4,    1.420000e-02,  6.591622e+01,  3.124887e+01,  9.103727e+01,  2.012205e+01,  1.464649e+06,  3.646060e+00,  3.108509e+01,  0.000000e+00,  3.108509e+01,  1.500000e-04,  3.81710788e+00
  4.05170324e+00,  6.15330111e-09,  3.55988735e+00,           4,    1.420000e-02,  6.591622e+01,  3.124886e+01,  8.567068e+01,  2.012205e+01,  1.464347e+06,  3.758330e+00,  3.108509e+01,  0.000000e+00,  3.108509e+01,  1.500000e-04,  3.81710788e+00
  4.05171584e+00,  1.26019607e-05,  3.55989995e+00,           4,    1.420000e-02,  6.591622e+01,  3.124697e+01,  8.520660e+01,  2.012205e+01,  1.464331e+06,  3.768540e+00,  3.108525e+01,  0.000000e+00,  3.108525e+01,  1.500000e-04,  3.81710788e+00
  4.05171585e+00,  6.15330111e-09,  3.55989995e+00,           4,    1.420000e-02,  6.591622e+01,  3.124697e+01,  8.011059e+01,  2.012205e+01,  1.464013e+06,  3.886344e+00,  3.108525e+01,  0.000000e+00,  3.108525e+01,  1.233322e-04,  3.81710788e+00
  4.05172845e+00,  1.26019607e-05,  3.55991256e+00,           4,    1.420000e-02,  6.591622e+01,  3.124541e+01,  7.967071e+01,  2.012205e+01,  1.463996e+06,  3.897047e+00,  3.108542e+01,  0.000000e+00,  3.108542e+01,  1.236924e-04,  3.81710788e+00
  4.05172846e+00,  6.15330111e-09,  3.55991256e+00,           4,    1.420000e-02,  6.591622e+01,  3.124541e+01,  7.566899e+01,  2.012205e+01,  1.463723e+06,  3.998579e+00,  3.108542e+01,  0.000000e+00,  3.108542e+01,  1.270998e-04,  3.81710788e+00
  4.05174106e+00,  1.26019607e-05,  3.55992516e+00,           4,    1.420000e-02,  6.591622e+01,  3.124381e+01,  7.524850e+01,  2.012205e+01,  1.463704e+06,  4.009723e+00,  3.108559e+01,  0.000000e+00,  3.108559e+01,  1.274753e-04,  3.81710788e+00
  4.05174106e+00,  3.07665055e-09,  3.55992517e+00,           4,    1.420000e-02,  6.591622e+01,  3.124381e+01,  7.131131e+01,  2.012205e+01,  1.463411e+06,  4.118721e+00,  3.108559e+01,  0.000000e+00,  3.108559e+01,  1.311374e-04,  3.81710788e+00
  4.05175366e+00,  1.26019607e-05,  3.55993777e+00,           4,    1.420000e-02,  6.591622e+01,  3.124215e+01,  7.091127e+01,  2.012205e+01,  1.463391e+06,  4.130308e+00,  3.108575e+01,  0.000000e+00,  3.108575e+01,  1.315283e-04,  3.81710788e+00
  4.05175367e+00,  3.07665055e-09,  3.55993777e+00,           4,    1.420000e-02,  6.591622e+01,  3.124215e+01,  6.704233e+01,  2.012205e+01,  1.463075e+06,  4.247585e+00,  3.108575e+01,  0.000000e+00,  3.108575e+01,  1.354732e-04,  3.81710788e+00
  4.05176627e+00,  1.26019607e-05,  3.55995037e+00,           4,    1.420000e-02,  6.591622e+01,  3.124044e+01,  6.666182e+01,  2.012205e+01,  1.463054e+06,  4.259675e+00,  3.108592e+01,  0.000000e+00,  3.108592e+01,  1.358816e-04,  3.81710788e+00
  4.05176627e+00,  3.07665055e-09,  3.55995038e+00,           4,    1.420000e-02,  6.591622e+01,  3.124044e+01,  6.286516e+01,  2.012205e+01,  1.462712e+06,  4.386162e+00,  3.108592e+01,  0.000000e+00,  3.108592e+01,  9.041667e-06,  3.81710788e+00
  4.05177887e+00,  1.26019607e-05,  3.55996298e+00,           4,    1.420000e-02,  6.591622e+01,  3.124032e+01,  6.250507e+01,  2.012205e+01,  1.462690e+06,  4.398762e+00,  3.108608e+01,  0.000000e+00,  3.108608e+01,  9.178495e-06,  3.81710788e+00
  4.05179148e+00,  1.26019607e-05,  3.55997558e+00,           4,    1.420000e-02,  6.591622e+01,  3.124020e+01,  6.189923e+01,  2.012205e+01,  1.462643e+06,  4.420201e+00,  3.108625e+01,  0.000000e+00,  3.108625e+01,  9.413427e-06,  3.81710788e+00
  4.05180408e+00,  1.26019607e-05,  3.55998818e+00,           4,    1.420000e-02,  6.591622e+01,  3.124008e+01,  6.129197e+01,  2.012205e+01,  1.462596e+06,  4.442008e+00,  3.108642e+01,  0.000000e+00,  3.108642e+01,  9.655132e-06,  3.81710788e+00
  4.05181668e+00,  1.26019607e-05,  3.56000078e+00,           4,    1.420000e-02,  6.591622e+01,  3.123996e+01,  6.068327e+01,  2.012205e+01,  1.462548e+06,  4.464194e+00,  3.108658e+01,  0.000000e+00,  3.108658e+01,  9.903824e-06,  3.81710788e+00
  4.05182298e+00,  6.30098033e-06,  3.56000709e+00,           4,    1.420000e-02,  6.591622e+01,  3.123989e+01,  6.024705e+01,  2.012205e+01,  1.462510e+06,  4.480297e+00,  3.108667e+01,  0.000000e+00,  3.108667e+01,  1.008604e-05,  3.81710788e+00
  4.05183558e+00,  1.26019607e-05,  3.56001969e+00,           4,    1.420000e-02,  6.591622e+01,  3.123976e+01,  5.976751e+01,  2.012205e+01,  1.462473e+06,  4.498207e+00,  3.108683e+01,  0.000000e+00,  3.108683e+01,  1.029040e-05,  3.81710788e+00
  4.05184188e+00,  6.30098033e-06,  3.56002599e+00,           4,    1.420000e-02,  6.591622e+01,  3.123970e+01,  5.932673e+01,  2.012205e+01,  1.462434e+06,  4.514856e+00,  3.108691e+01,  0.000000e+00,  3.108691e+01,  1.048188e-05,  3.81710788e+00
  4.05185449e+00,  1.26019607e-05,  3.56003859e+00,           4,    1.420000e-02,  6.591622e+01,  3.123956e+01,  5.884821e+01,  2.012205e+01,  1.462396e+06,  4.533145e+00,  3.108708e+01,  0.000000e+00,  3.108708e+01,  1.069396e-05,  3.81710788e+00
  4.05186079e+00,  6.30098033e-06,  3.56004489e+00,           4,    1.420000e-02,  6.591622e+01,  3.123949e+01,  5.840275e+01,  2.012205e+01,  1.462356e+06,  4.550369e+00,  3.108716e+01,  0.000000e+00,  3.108716e+01,  1.089521e-05,  3.81710788e+00
  4.05187339e+00,  1.26019607e-05,  3.56005749e+00,           4,    1.420000e-02,  6.591622e+01,  3.123935e+01,  5.792521e+01,  2.012205e+01,  1.462317e+06,  4.569057e+00,  3.108733e+01,  0.000000e+00,  3.108733e+01,  1.111532e-05,  3.81710788e+00
  4.05187969e+00,  6.30098033e-06,  3.56006379e+00,           4,    1.420000e-02,  6.591622e+01,  3.123928e+01,  5.747495e+01,  2.012205e+01,  1.462274e+06,  4.586886e+00,  3.108741e+01,  0.000000e+00,  3.108741e+01,  1.132686e-05,  3.81710788e+00
  4.05189229e+00,  1.26019607e-05,  3.56007640e+00,           4,    1.420000e-02,  6.591622e+01,  3.123914e+01,  5.699836e+01,  2.012205e+01,  1.462234e+06,  4.605991e+00,  3.108758e+01,  0.000000e+00,  3.108758e+01,  1.155530e-05,  3.81710788e+00
  4.05189859e+00,  6.30098033e-06,  3.56008270e+00,           4,    1.420000e-02,  6.591622e+01,  3.123906e+01,  5.654318e+01,  2.012205e+01,  1.462190e+06,  4.624458e+00,  3.108766e+01,  0.000000e+00,  3.108766e+01,  1.177767e-05,  3.81710788e+00
  4.05191119e+00,  1.26019607e-05,  3.56009530e+00,           4,    1.420000e-02,  6.591622e+01,  3.123891e+01,  5.606752e+01,  2.012205e+01,  1.462149e+06,  4.644000e+00,  3.108783e+01,  0.000000e+00,  3.108783e+01,  1.201474e-05,  3.81710788e+00
  4.05191750e+00,  6.30098033e-06,  3.56010160e+00,           4,    1.420000e-02,  6.591622e+01,  3.123883e+01,  5.560730e+01,  2.012205e+01,  1.462103e+06,  4.663141e+00,  3.108791e+01,  0.000000e+00,  3.108791e+01,  1.224852e-05,  3.81710788e+00
  4.05193010e+00,  1.26019607e-05,  3.56011420e+00,           4,    1.420000e-02,  6.591622e+01,  3.123868e+01,  5.513254e+01,  2.012205e+01,  1.462060e+06,  4.683142e+00,  3.108808e+01,  0.000000e+00,  3.108808e+01,  1.249453e-05,  3.81710788e+00
  4.05193640e+00,  6.30098033e-06,  3.56012050e+00,           4,    1.420000e-02,  6.591622e+01,  3.123860e+01,  5.466718e+01,  2.012205e+01,  1.462012e+06,  4.702994e+00,  3.108816e+01,  0.000000e+00,  3.108816e+01,  1.274029e-05,  3.81710788e+00
  4.05194900e+00,  1.26019607e-05,  3.56013311e+00,           4,    1.420000e-02,  6.591622e+01,  3.123843e+01,  5.419331e+01,  2.012205e+01,  1.461968e+06,  4.723475e+00,  3.108833e+01,  0.000000e+00,  3.108833e+01,  1.299555e-05,  3.81710788e+00
  4.05195530e+00,  6.30098033e-06,  3.56013941e+00,           4,    1.420000e-02,  6.591622e+01,  3.123835e+01,  5.372270e+01,  2.012205e+01,  1.461918e+06,  4.744078e+00,  3.108841e+01,  0.000000e+00,  3.108841e+01,  1.325389e-05,  3.81710788e+00
  4.05196790e+00,  1.26019607e-05,  3.56015201e+00,           4,    1.420000e-02,  6.591622e+01,  3.123818e+01,  5.324970e+01,  2.012205e+01,  1.461873e+06,  4.765065e+00,  3.108858e+01,  0.000000e+00,  3.108858e+01,  1.351871e-05,  3.81710788e+00
  4.05197420e+00,  6.30098033e-06,  3.56015831e+00,           4,    1.420000e-02,  6.591622e+01,  3.123809e+01,  5.277375e+01,  2.012205e+01,  1.461820e+06,  4.786461e+00,  3.108866e+01,  0.000000e+00,  3.108866e+01,  1.379023e-05,  3.81710788e+00
  4.05198681e+00,  1.26019607e-05,  3.56017091e+00,           4,    1.420000e-02,  6.591622e+01,  3.123791e+01,  5.230162e+01,  2.012205e+01,  1.461774e+06,  4.807978e+00,  3.108882e+01,  0.000000e+00,  3.108882e+01,  1.406490e-05,  3.81710788e+00
  4.05199311e+00,  6.30098033e-06,  3.56017721e+00,           4,    1.420000e-02,  6.591622e+01,  3.123782e+01,  5.182024e+01,  2.012205e+01,  1.461719e+06,  4.830213e+00,  3.108891e+01,  0.000000e+00,  3.108891e+01,  1.435022e-05,  3.81710788e+00
  4.05200571e+00,  1.26019607e-05,  3.56018981e+00,           4,    1.420000e-02,  6.591622e+01,  3.123764e+01,  5.134897e+01,  2.012205e+01,  1.461671e+06,  4.852287e+00,  3.108907e+01,  0.000000e+00,  3.108907e+01,  1.463504e-05,  3.81710788e+00
  4.05201201e+00,  6.30098033e-06,  3.56019612e+00,           4,    1.420000e-02,  6.591622e+01,  3.123754e+01,  5.086210e+01,  2.012205e+01,  1.461613e+06,  4.875408e+00,  3.108916e+01,  0.000000e+00,  3.108916e+01,  1.493476e-05,  3.81710788e+00
  4.05202461e+00,  1.26019607e-05,  3.56020872e+00,           4,    1.420000e-02,  6.591622e+01,  3.123735e+01,  5.039171e+01,  2.012205e+01,  1.461563e+06,  4.898069e+00,  3.108932e+01,  0.000000e+00,  3.108932e+01,  1.522999e-05,  3.81710788e+00
  4.05203091e+00,  6.30098033e-06,  3.56021502e+00,           4,    1.420000e-02,  6.591622e+01,  3.123725e+01,  4.989929e+01,  2.012205e+01,  1.461504e+06,  4.922127e+00,  3.108941e+01,  0.000000e+00,  3.108941e+01,  1.554472e-05,  3.81710788e+00
  4.05204352e+00,  1.26019607e-05,  3.56022762e+00,           4,    1.420000e-02,  6.591622e+01,  3.123706e+01,  4.942978e+01,  2.012205e+01,  1.461452e+06,  4.945404e+00,  3.108957e+01,  0.000000e+00,  3.108957e+01,  1.585060e-05,  3.81710788e+00
  4.05204667e+00,  3.15049017e-06,  3.56023077e+00,           4,    1.420000e-02,  6.591622e+01,  3.123700e+01,  4.900482e+01,  2.012205e+01,  1.461396e+06,  4.966754e+00,  3.108961e+01,  0.000000e+00,  3.108961e+01,  1.613203e-05,  3.81710788e+00
  4.05205927e+00,  1.26019607e-05,  3.56024337e+00,           4,    1.420000e-02,  6.591622e+01,  3.123680e+01,  4.862460e+01,  2.012205e+01,  1.461355e+06,  4.986099e+00,  3.108978e+01,  0.000000e+00,  3.108978e+01,  1.638795e-05,  3.81710788e+00
  4.05206242e+00,  3.15049017e-06,  3.56024652e+00,           4,    1.420000e-02,  6.591622e+01,  3.123675e+01,  4.819393e+01,  2.012205e+01,  1.461298e+06,  5.008279e+00,  3.108982e+01,  0.000000e+00,  3.108982e+01,  1.668202e-05,  3.81710788e+00
  4.05207502e+00,  1.26019607e-05,  3.56025912e+00,           4,    1.420000e-02,  6.591622e+01,  3.123653e+01,  4.781620e+01,  2.012205e+01,  1.461255e+06,  5.027985e+00,  3.108999e+01,  0.000000e+00,  3.108999e+01,  1.694410e-05,  3.81710788e+00
  4.05207817e+00,  3.15049017e-06,  3.56026228e+00,           4,    1.420000e-02,  6.591622e+01,  3.123648e+01,  4.737980e+01,  2.012205e+01,  1.461195e+06,  5.051036e+00,  3.109003e+01,  0.000000e+00,  3.109003e+01,  1.725118e-05,  3.81710788e+00
  4.05209077e+00,  1.26019607e-05,  3.56027488e+00,           4,    1.420000e-02,  6.591622e+01,  3.123626e+01,  4.700458e+01,  2.012205e+01,  1.461152e+06,  5.071118e+00,  3.109019e+01,  0.000000e+00,  3.109019e+01,  1.751942e-05,  3.81710788e+00
  4.05209392e+00,  3.15049017e-06,  3.56027803e+00,           4,    1.420000e-02,  6.591622e+01,  3.123620e+01,  4.656247e+01,  2.012205e+01,  1.461089e+06,  5.095082e+00,  3.109024e+01,  0.000000e+00,  3.109024e+01,  1.783988e-05,  3.81710788e+00
  4.05210653e+00,  1.26019607e-05,  3.56029063e+00,           4,    1.420000e-02,  6.591622e+01,  3.123597e+01,  4.618981e+01,  2.012205e+01,  1.461045e+06,  5.115556e+00,  3.109040e+01,  0.000000e+00,  3.109040e+01,  1.811422e-05,  3.81710788e+00
  4.05210968e+00,  3.15049017e-06,  3.56029378e+00,           4,    1.420000e-02,  6.591622e+01,  3.123591e+01,  4.574201e+01,  2.012205e+01,  1.460979e+06,  5.140477e+00,  3.109044e+01,  0.000000e+00,  3.109044e+01,  1.844838e-05,  3.81710788e+00
  4.05212228e+00,  1.26019607e-05,  3.56030638e+00,           4,    1.420000e-02,  6.591622e+01,  3.123568e+01,  4.537194e+01,  2.012205e+01,  1.460934e+06,  5.161358e+00,  3.109061e+01,  0.000000e+00,  3.109061e+01,  1.872876e-05,  3.81710788e+00
  4.05212543e+00,  3.15049017e-06,  3.56030953e+00,           4,    1.420000e-02,  6.591622e+01,  3.123562e+01,  4.491849e+01,  2.012205e+01,  1.460865e+06,  5.187283e+00,  3.109065e+01,  0.000000e+00,  3.109065e+01,  1.907689e-05,  3.81710788e+00
  4.05213803e+00,  1.26019607e-05,  3.56032213e+00,           4,    1.420000e-02,  6.591622e+01,  3.123537e+01,  4.455108e+01,  2.012205e+01,  1.460819e+06,  5.208587e+00,  3.109082e+01,  0.000000e+00,  3.109082e+01,  1.936319e-05,  3.81710788e+00
  4.05213961e+00,  1.57524508e-06,  3.56032371e+00,           4,    1.420000e-02,  6.591622e+01,  3.123534e+01,  4.412539e+01,  2.012205e+01,  1.460751e+06,  5.233591e+00,  3.109084e+01,  0.000000e+00,  3.109084e+01,  1.969896e-05,  3.81710788e+00
  4.05215221e+00,  1.26019607e-05,  3.56033631e+00,           4,    1.420000e-02,  6.591622e+01,  3.123509e+01,  4.380990e+01,  2.012205e+01,  1.460711e+06,  5.252366e+00,  3.109100e+01,  0.000000e+00,  3.109100e+01,  1.995118e-05,  3.81710788e+00
  4.05215378e+00,  1.57524508e-06,  3.56033789e+00,           4,    1.420000e-02,  6.591622e+01,  3.123506e+01,  4.337876e+01,  2.012205e+01,  1.460641e+06,  5.278339e+00,  3.109102e+01,  0.000000e+00,  3.109102e+01,  2.029959e-05,  3.81710788e+00
  4.05216638e+00,  1.26019607e-05,  3.56035049e+00,           4,    1.420000e-02,  6.591622e+01,  3.123480e+01,  4.306650e+01,  2.012205e+01,  1.460600e+06,  5.297403e+00,  3.109119e+01,  0.000000e+00,  3.109119e+01,  2.055527e-05,  3.81710788e+00
  4.05216717e+00,  7.87622542e-07,  3.56035128e+00,           4,    1.420000e-02,  6.591622e+01,  3.123478e+01,  4.264619e+01,  2.012205e+01,  1.460529e+06,  5.323380e+00,  3.109120e+01,  0.000000e+00,  3.109120e+01,  2.090290e-05,  3.81710788e+00
  4.05217977e+00,  1.26019607e-05,  3.56036388e+00,           4,    1.420000e-02,  6.591622e+01,  3.123452e+01,  4.236255e+01,  2.012205e+01,  1.460492e+06,  5.341138e+00,  3.109137e+01,  0.000000e+00,  3.109137e+01,  2.114040e-05,  3.81710788e+00
  4.05218017e+00,  3.93811271e-07,  3.56036427e+00,           4,    1.420000e-02,  6.591622e+01,  3.123451e+01,  4.194501e+01,  2.012205e+01,  1.460419e+06,  5.367589e+00,  3.109137e+01,  0.000000e+00,  3.109137e+01,  2.149317e-05,  3.81710788e+00
  4.05219277e+00,  1.26019607e-05,  3.56037687e+00,           4,    1.420000e-02,  6.591622e+01,  3.123424e+01,  4.167767e+01,  2.012205e+01,  1.460384e+06,  5.384743e+00,  3.109154e+01,  0.000000e+00,  3.109154e+01,  2.172169e-05,  3.81710788e+00
  4.05219287e+00,  9.84528177e-08,  3.56037697e+00,           4,    1.420000e-02,  6.591622e+01,  3.123423e+01,  4.126098e+01,  2.012205e+01,  1.460309e+06,  5.411796e+00,  3.109154e+01,  0.000000e+00,  3.109154e+01,  2.208083e-05,  3.81710788e+00
  4.05220547e+00,  1.26019607e-05,  3.56038957e+00,           4,    1.420000e-02,  6.591622e+01,  3.123395e+01,  4.100696e+01,  2.012205e+01,  1.460274e+06,  5.428500e+00,  3.109171e+01,  0.000000e+00,  3.109171e+01,  2.230222e-05,  3.81710788e+00
  4.05220547e+00,  1.53832528e-09,  3.56038958e+00,           4,    1.420000e-02,  6.591622e+01,  3.123395e+01,  4.058726e+01,  2.012205e+01,  1.460197e+06,  5.456422e+00,  3.109171e+01,  0.000000e+00,  3.109171e+01,  2.267076e-05,  3.81710788e+00
  4.05221807e+00,  1.26019607e-05,  3.56040218e+00,           4,    1.420000e-02,  6.591622e+01,  3.123366e+01,  4.034011e+01,  2.012205e+01,  1.460163e+06,  5.473079e+00,  3.109187e+01,  0.000000e+00,  3.109187e+01,  2.289014e-05,  3.81710788e+00
  4.05221808e+00,  1.53832528e-09,  3.56040218e+00,           4,    1.420000e-02,  6.591622e+01,  3.123366e+01,  3.991566e+01,  2.012205e+01,  1.460082e+06,  5.502026e+00,  3.109187e+01,  0.000000e+00,  3.109187e+01,  2.326950e-05,  3.81710788e+00
  4.05223068e+00,  1.26019607e-05,  3.56041478e+00,           4,    1.420000e-02,  6.591622e+01,  3.123337e+01,  3.967217e+01,  2.012205e+01,  1.460047e+06,  5.518852e+00,  3.109204e+01,  0.000000e+00,  3.109204e+01,  2.348938e-05,  3.81710788e+00
  4.05223068e+00,  1.53832528e-09,  3.56041478e+00,           4,    1.420000e-02,  6.591622e+01,  3.123337e+01,  3.924313e+01,  2.012205e+01,  1.459964e+06,  5.548859e+00,  3.109204e+01,  0.000000e+00,  3.109204e+01,  2.387931e-05,  3.81710788e+00
  4.05224328e+00,  1.26019607e-05,  3.56042739e+00,           4,    1.420000e-02,  6.591622e+01,  3.123306e+01,  3.900332e+01,  2.012205e+01,  1.459928e+06,  5.565858e+00,  3.109220e+01,  0.000000e+00,  3.109220e+01,  2.409940e-05,  3.81710788e+00
  4.05224328e+00,  1.53832528e-09,  3.56042739e+00,           4,    1.420000e-02,  6.591622e+01,  3.123306e+01,  3.856985e+01,  2.012205e+01,  1.459841e+06,  5.596963e+00,  3.109220e+01,  0.000000e+00,  3.109220e+01,  2.449954e-05,  3.81710788e+00
  4.05225588e+00,  1.26019607e-05,  3.56043999e+00,           4,    1.420000e-02,  6.591622e+01,  3.123275e+01,  3.833374e+01,  2.012205e+01,  1.459805e+06,  5.614139e+00,  3.109237e+01,  0.000000e+00,  3.109237e+01,  2.471951e-05,  3.81710788e+00
  4.05225589e+00,  1.53832528e-09,  3.56043999e+00,           4,    1.420000e-02,  6.591622e+01,  3.123275e+01,  3.789606e+01,  2.012205e+01,  1.459715e+06,  5.646379e+00,  3.109237e+01,  0.000000e+00,  3.109237e+01,  2.512939e-05,  3.81710788e+00
  4.05226849e+00,  1.26019607e-05,  3.56045259e+00,           4,    1.420000e-02,  6.591622e+01,  3.123243e+01,  3.766367e+01,  2.012205e+01,  1.459679e+06,  5.663736e+00,  3.109254e+01,  0.000000e+00,  3.109254e+01,  2.534890e-05,  3.81710788e+00
  4.05226849e+00,  1.53832528e-09,  3.56045259e+00,           4,    1.420000e-02,  6.591622e+01,  3.123243e+01,  3.722199e+01,  2.012205e+01,  1.459585e+06,  5.697148e+00,  3.109254e+01,  0.000000e+00,  3.109254e+01,  2.576795e-05,  3.81710788e+00
  4.05228109e+00,  1.26019607e-05,  3.56046520e+00,           4,    1.420000e-02,  6.591622e+01,  3.123211e+01,  3.699335e+01,  2.012205e+01,  1.459548e+06,  5.714691e+00,  3.109270e+01,  0.000000e+00,  3.109270e+01,  2.598660e-05,  3.81710788e+00
  4.05228109e+00,  1.53832528e-09,  3.56046520e+00,           4,    1.420000e-02,  6.591622e+01,  3.123211e+01,  3.654793e+01,  2.012205e+01,  1.459451e+06,  5.749313e+00,  3.109270e+01,  0.000000e+00,  3.109270e+01,  2.641412e-05,  3.81710788e+00
  4.05229369e+00,  1.26019607e-05,  3.56047780e+00,           4,    1.420000e-02,  6.591622e+01,  3.123177e+01,  3.632304e+01,  2.012205e+01,  1.459413e+06,  5.767046e+00,  3.109287e+01,  0.000000e+00,  3.109287e+01,  2.663152e-05,  3.81710788e+00
  4.05229370e+00,  1.53832528e-09,  3.56047780e+00,           4,    1.420000e-02,  6.591622e+01,  3.123177e+01,  3.587414e+01,  2.012205e+01,  1.459312e+06,  5.802915e+00,  3.109287e+01,  0.000000e+00,  3.109287e+01,  2.706668e-05,  3.81710788e+00
  4.05230630e+00,  1.26019607e-05,  3.56049040e+00,           4,    1.420000e-02,  6.591622e+01,  3.123143e+01,  3.565304e+01,  2.012205e+01,  1.459273e+06,  5.820843e+00,  3.109303e+01,  0.000000e+00,  3.109303e+01,  2.728238e-05,  3.81710788e+00
  4.05230630e+00,  1.53832528e-09,  3.56049040e+00,           4,    1.420000e-02,  6.591622e+01,  3.123143e+01,  3.520097e+01,  2.012205e+01,  1.459169e+06,  5.857996e+00,  3.109303e+01,  0.000000e+00,  3.109303e+01,  2.772418e-05,  3.81710788e+00
  4.05231890e+00,  1.26019607e-05,  3.56050301e+00,           4,    1.420000e-02,  6.591622e+01,  3.123107e+01,  3.498365e+01,  2.012205e+01,  1.459129e+06,  5.876123e+00,  3.109320e+01,  0.000000e+00,  3.109320e+01,  2.793772e-05,  3.81710788e+00
  4.05231890e+00,  1.53832528e-09,  3.56050301e+00,           4,    1.420000e-02,  6.591622e+01,  3.123107e+01,  3.452874e+01,  2.012205e+01,  1.459021e+06,  5.914595e+00,  3.109320e+01,  0.000000e+00,  3.109320e+01,  2.838504e-05,  3.81710788e+00
  4.05233151e+00,  1.26019607e-05,  3.56051561e+00,           4,    1.420000e-02,  6.591622e+01,  3.123071e+01,  3.431523e+01,  2.012205e+01,  1.458981e+06,  5.932926e+00,  3.109337e+01,  0.000000e+00,  3.109337e+01,  2.859592e-05,  3.81710788e+00
  4.05233151e+00,  1.53832528e-09,  3.56051561e+00,           4,    1.420000e-02,  6.591622e+01,  3.123071e+01,  3.385783e+01,  2.012205e+01,  1.458868e+06,  5.972751e+00,  3.109337e+01,  0.000000e+00,  3.109337e+01,  2.904745e-05,  3.81710788e+00
  4.05234411e+00,  1.26019607e-05,  3.56052821e+00,           4,    1.420000e-02,  6.591622e+01,  3.123034e+01,  3.364813e+01,  2.012205e+01,  1.458827e+06,  5.991292e+00,  3.109353e+01,  0.000000e+00,  3.109353e+01,  2.925514e-05,  3.81710788e+00
  4.05234411e+00,  1.53832528e-09,  3.56052821e+00,           4,    1.420000e-02,  6.591622e+01,  3.123034e+01,  3.318864e+01,  2.012205e+01,  1.458710e+06,  6.032503e+00,  3.109353e+01,  0.000000e+00,  3.109353e+01,  2.970941e-05,  3.81710788e+00
  4.05235671e+00,  1.26019607e-05,  3.56054082e+00,           4,    1.420000e-02,  6.591622e+01,  3.122997e+01,  3.298276e+01,  2.012205e+01,  1.458669e+06,  6.051258e+00,  3.109370e+01,  0.000000e+00,  3.109370e+01,  2.991335e-05,  3.81710788e+00
  4.05235671e+00,  1.53832528e-09,  3.56054082e+00,           4,    1.420000e-02,  6.591622e+01,  3.122997e+01,  3.252158e+01,  2.012205e+01,  1.458547e+06,  6.093886e+00,  3.109370e+01,  0.000000e+00,  3.109370e+01,  3.036872e-05,  3.81710788e+00
  4.05236932e+00,  1.26019607e-05,  3.56055342e+00,           4,    1.420000e-02,  6.591622e+01,  3.122958e+01,  3.231953e+01,  2.012205e+01,  1.458505e+06,  6.112860e+00,  3.109386e+01,  0.000000e+00,  3.109386e+01,  3.056835e-05,  3.81710788e+00
  4.05236932e+00,  1.53832528e-09,  3.56055342e+00,           4,    1.420000e-02,  6.591622e+01,  3.122958e+01,  3.185710e+01,  2.012205e+01,  1.458379e+06,  6.156934e+00,  3.109386e+01,  0.000000e+00,  3.109386e+01,  3.102299e-05,  3.81710788e+00
  4.05238192e+00,  1.26019607e-05,  3.56056602e+00,           4,    1.420000e-02,  6.591622e+01,  3.122919e+01,  3.165889e+01,  2.012205e+01,  1.458336e+06,  6.176132e+00,  3.109403e+01,  0.000000e+00,  3.109403e+01,  3.121768e-05,  3.81710788e+00
  4.05238192e+00,  1.53832528e-09,  3.56056603e+00,           4,    1.420000e-02,  6.591622e+01,  3.122919e+01,  3.119568e+01,  2.012205e+01,  1.458206e+06,  6.221677e+00,  3.109403e+01,  0.000000e+00,  3.109403e+01,  3.166961e-05,  3.81710788e+00
  4.05239452e+00,  1.26019607e-05,  3.56057863e+00,           4,    1.420000e-02,  6.591622e+01,  3.122879e+01,  3.100131e+01,  2.012205e+01,  1.458162e+06,  6.241104e+00,  3.109420e+01,  0.000000e+00,  3.109420e+01,  3.185875e-05,  3.81710788e+00
  4.05239452e+00,  1.53832528e-09,  3.56057863e+00,           4,    1.420000e-02,  6.591622e+01,  3.122879e+01,  3.053782e+01,  2.012205e+01,  1.458027e+06,  6.288142e+00,  3.109420e+01,  0.000000e+00,  3.109420e+01,  3.230579e-05,  3.81710788e+00
  4.05240713e+00,  1.26019607e-05,  3.56059123e+00,           4,    1.420000e-02,  6.591622e+01,  3.122838e+01,  3.034728e+01,  2.012205e+01,  1.457982e+06,  6.307804e+00,  3.109436e+01,  0.000000e+00,  3.109436e+01,  3.248872e-05,  3.81710788e+00
  4.05240713e+00,  7.69162639e-10,  3.56059123e+00,           4,    1.420000e-02,  6.591622e+01,  3.122838e+01,  2.988404e+01,  2.012205e+01,  1.457842e+06,  6.356352e+00,  3.109436e+01,  0.000000e+00,  3.109436e+01,  3.292854e-05,  3.81710788e+00
  4.05241973e+00,  1.26019607e-05,  3.56060383e+00,           4,    1.420000e-02,  6.591622e+01,  3.122796e+01,  2.969736e+01,  2.012205e+01,  1.457797e+06,  6.376249e+00,  3.109453e+01,  0.000000e+00,  3.109453e+01,  3.310458e-05,  3.81710788e+00
  4.05241973e+00,  7.69162639e-10,  3.56060383e+00,           4,    1.420000e-02,  6.591622e+01,  3.122796e+01,  2.923491e+01,  2.012205e+01,  1.457652e+06,  6.426323e+00,  3.109453e+01,  0.000000e+00,  3.109453e+01,  3.353472e-05,  3.81710788e+00
  4.05243233e+00,  1.26019607e-05,  3.56061644e+00,           4,    1.420000e-02,  6.591622e+01,  3.122754e+01,  2.905205e+01,  2.012205e+01,  1.457605e+06,  6.446464e+00,  3.109469e+01,  0.000000e+00,  3.109469e+01,  3.370322e-05,  3.81710788e+00
  4.05243233e+00,  7.69162639e-10,  3.56061644e+00,           4,    1.420000e-02,  6.591622e+01,  3.122754e+01,  2.859095e+01,  2.012205e+01,  1.457455e+06,  6.498072e+00,  3.109469e+01,  0.000000e+00,  3.109469e+01,  3.412107e-05,  3.81710788e+00
  4.05244493e+00,  1.26019607e-05,  3.56062904e+00,           4,    1.420000e-02,  6.591622e+01,  3.122710e+01,  2.841190e+01,  2.012205e+01,  1.457408e+06,  6.518462e+00,  3.109486e+01,  0.000000e+00,  3.109486e+01,  3.428137e-05,  3.81710788e+00
  4.05244494e+00,  7.69162639e-10,  3.56062904e+00,           4,    1.420000e-02,  6.591622e+01,  3.122710e+01,  2.795274e+01,  2.012205e+01,  1.457253e+06,  6.571606e+00,  3.109486e+01,  0.000000e+00,  3.109486e+01,  3.468423e-05,  3.81710788e+00
  4.05245754e+00,  1.26019607e-05,  3.56064164e+00,           4,    1.420000e-02,  6.591622e+01,  3.122666e+01,  2.777749e+01,  2.012205e+01,  1.457205e+06,  6.592250e+00,  3.109503e+01,  0.000000e+00,  3.109503e+01,  3.483564e-05,  3.81710788e+00
  4.05245754e+00,  7.69162639e-10,  3.56064164e+00,           4,    1.420000e-02,  6.591622e+01,  3.122666e+01,  2.732086e+01,  2.012205e+01,  1.457045e+06,  6.646928e+00,  3.109503e+01,  0.000000e+00,  3.109503e+01,  3.522073e-05,  3.81710788e+00
  4.05247014e+00,  1.26019607e-05,  3.56065424e+00,           4,    1.420000e-02,  6.591622e+01,  3.122622e+01,  2.714938e+01,  2.012205e+01,  1.456996e+06,  6.667831e+00,  3.109519e+01,  0.000000e+00,  3.109519e+01,  3.536258e-05,  3.81710788e+00
  4.05247014e+00,  7.69162639e-10,  3.56065425e+00,           4,    1.420000e-02,  6.591622e+01,  3.122622e+01,  2.669591e+01,  2.012205e+01,  1.456830e+06,  6.724033e+00,  3.109519e+01,  0.000000e+00,  3.109519e+01,  3.572708e-05,  3.81710788e+00
  4.05248274e+00,  1.26019607e-05,  3.56066685e+00,           4,    1.420000e-02,  6.591622e+01,  3.122577e+01,  2.652818e+01,  2.012205e+01,  1.456780e+06,  6.745198e+00,  3.109536e+01,  0.000000e+00,  3.109536e+01,  3.585872e-05,  3.81710788e+00
  4.05248274e+00,  7.69162639e-10,  3.56066685e+00,           4,    1.420000e-02,  6.591622e+01,  3.122577e+01,  2.607848e+01,  2.012205e+01,  1.456610e+06,  6.802909e+00,  3.109536e+01,  0.000000e+00,  3.109536e+01,  3.619981e-05,  3.81710788e+00
  4.05249535e+00,  1.26019607e-05,  3.56067945e+00,           4,    1.420000e-02,  6.591622e+01,  3.122531e+01,  2.591448e+01,  2.012205e+01,  1.456558e+06,  6.824341e+00,  3.109552e+01,  0.000000e+00,  3.109552e+01,  3.632062e-05,  3.81710788e+00
  4.05249535e+00,  7.69162639e-10,  3.56067945e+00,           4,    1.420000e-02,  6.591622e+01,  3.122531e+01,  2.546916e+01,  2.012205e+01,  1.456383e+06,  6.883536e+00,  3.109552e+01,  0.000000e+00,  3.109552e+01,  3.663551e-05,  3.81710788e+00
  4.05250795e+00,  1.26019607e-05,  3.56069205e+00,           4,    1.420000e-02,  6.591622e+01,  3.122485e+01,  2.530885e+01,  2.012205e+01,  1.456330e+06,  6.905239e+00,  3.109569e+01,  0.000000e+00,  3.109569e+01,  3.674489e-05,  3.81710788e+00
  4.05250795e+00,  7.69162639e-10,  3.56069205e+00,           4,    1.420000e-02,  6.591622e+01,  3.122485e+01,  2.486854e+01,  2.012205e+01,  1.456149e+06,  6.965885e+00,  3.109569e+01,  0.000000e+00,  3.109569e+01,  3.703090e-05,  3.81710788e+00
  4.05252055e+00,  1.26019607e-05,  3.56070466e+00,           4,    1.420000e-02,  6.591622e+01,  3.122438e+01,  2.471189e+01,  2.012205e+01,  1.456096e+06,  6.987864e+00,  3.109586e+01,  0.000000e+00,  3.109586e+01,  3.712828e-05,  3.81710788e+00
  4.05252055e+00,  7.69162639e-10,  3.56070466e+00,           4,    1.420000e-02,  6.591622e+01,  3.122438e+01,  2.427720e+01,  2.012205e+01,  1.455910e+06,  7.049922e+00,  3.109586e+01,  0.000000e+00,  3.109586e+01,  3.738286e-05,  3.81710788e+00
  4.05253315e+00,  1.26019607e-05,  3.56071726e+00,           4,    1.420000e-02,  6.591622e+01,  3.122391e+01,  2.412417e+01,  2.012205e+01,  1.455855e+06,  7.072180e+00,  3.109602e+01,  0.000000e+00,  3.109602e+01,  3.746773e-05,  3.81710788e+00
  4.05253315e+00,  7.69162639e-10,  3.56071726e+00,           4,    1.420000e-02,  6.591622e+01,  3.122391e+01,  2.369570e+01,  2.012205e+01,  1.455664e+06,  7.135601e+00,  3.109602e+01,  0.000000e+00,  3.109602e+01,  3.768853e-05,  3.81710788e+00
  4.05254576e+00,  1.26019607e-05,  3.56072986e+00,           4,    1.420000e-02,  6.591622e+01,  3.122343e+01,  2.354625e+01,  2.012205e+01,  1.455608e+06,  7.158142e+00,  3.109619e+01,  0.000000e+00,  3.109619e+01,  3.776042e-05,  3.81710788e+00
  4.05254576e+00,  7.69162639e-10,  3.56072986e+00,           4,    1.420000e-02,  6.591622e+01,  3.122343e+01,  2.312456e+01,  2.012205e+01,  1.455412e+06,  7.222870e+00,  3.109619e+01,  0.000000e+00,  3.109619e+01,  3.794533e-05,  3.81710788e+00
  4.05255836e+00,  1.26019607e-05,  3.56074246e+00,           4,    1.420000e-02,  6.591622e+01,  3.122295e+01,  2.297864e+01,  2.012205e+01,  1.455355e+06,  7.245696e+00,  3.109636e+01,  0.000000e+00,  3.109636e+01,  3.800384e-05,  3.81710788e+00
  4.05255836e+00,  7.69162639e-10,  3.56074246e+00,           4,    1.420000e-02,  6.591622e+01,  3.122295e+01,  2.256430e+01,  2.012205e+01,  1.455155e+06,  7.311666e+00,  3.109636e+01,  0.000000e+00,  3.109636e+01,  3.815101e-05,  3.81710788e+00
  4.05257096e+00,  1.26019607e-05,  3.56075507e+00,           4,    1.420000e-02,  6.591622e+01,  3.122247e+01,  2.242186e+01,  2.012205e+01,  1.455096e+06,  7.334780e+00,  3.109652e+01,  0.000000e+00,  3.109652e+01,  3.819581e-05,  3.81710788e+00
  4.05257096e+00,  7.69162639e-10,  3.56075507e+00,           4,    1.420000e-02,  6.591622e+01,  3.122247e+01,  2.201539e+01,  2.012205e+01,  1.454891e+06,  7.401920e+00,  3.109652e+01,  0.000000e+00,  3.109652e+01,  3.830376e-05,  3.81710788e+00
  4.05258356e+00,  1.26019607e-05,  3.56076767e+00,           4,    1.420000e-02,  6.591622e+01,  3.122199e+01,  2.187638e+01,  2.012205e+01,  1.454831e+06,  7.425325e+00,  3.109669e+01,  0.000000e+00,  3.109669e+01,  3.833459e-05,  3.81710788e+00
  4.05258357e+00,  7.69162639e-10,  3.56076767e+00,           4,    1.420000e-02,  6.591622e+01,  3.122199e+01,  2.147826e+01,  2.012205e+01,  1.454621e+06,  7.493555e+00,  3.109669e+01,  0.000000e+00,  3.109669e+01,  3.840216e-05,  3.81710788e+00
  4.05259617e+00,  1.26019607e-05,  3.56078027e+00,           4,    1.420000e-02,  6.591622e+01,  3.122150e+01,  2.134262e+01,  2.012205e+01,  1.454560e+06,  7.517252e+00,  3.109685e+01,  0.000000e+00,  3.109685e+01,  3.841884e-05,  3.81710788e+00
  4.05259617e+00,  7.69162639e-10,  3.56078027e+00,           4,    1.420000e-02,  6.591622e+01,  3.122150e+01,  2.095331e+01,  2.012205e+01,  1.454346e+06,  7.586485e+00,  3.109685e+01,  0.000000e+00,  3.109685e+01,  3.844530e-05,  3.81710788e+00
  4.05260877e+00,  1.26019607e-05,  3.56079287e+00,           4,    1.420000e-02,  6.591622e+01,  3.122102e+01,  2.082097e+01,  2.012205e+01,  1.454283e+06,  7.610476e+00,  3.109702e+01,  0.000000e+00,  3.109702e+01,  3.844772e-05,  3.81710788e+00
  4.05260877e+00,  7.69162639e-10,  3.56079288e+00,           4,    1.420000e-02,  6.591622e+01,  3.122102e+01,  2.044088e+01,  2.012205e+01,  1.454065e+06,  7.680618e+00,  3.109702e+01,  0.000000e+00,  3.109702e+01,  3.843273e-05,  3.81710788e+00
  4.05262137e+00,  1.26019607e-05,  3.56080548e+00,           4,    1.420000e-02,  6.591622e+01,  3.122053e+01,  2.031178e+01,  2.012205e+01,  1.454001e+06,  7.704904e+00,  3.109719e+01,  0.000000e+00,  3.109719e+01,  3.842088e-05,  3.81710788e+00
  4.05262137e+00,  7.69162639e-10,  3.56080548e+00,           4,    1.420000e-02,  6.591622e+01,  3.122053e+01,  1.994126e+01,  2.012205e+01,  1.453779e+06,  7.775857e+00,  3.109719e+01,  0.000000e+00,  3.109719e+01,  3.836453e-05,  3.81710788e+00
  4.05263398e+00,  1.26019607e-05,  3.56081808e+00,           4,    1.420000e-02,  6.591622e+01,  3.122005e+01,  1.981533e+01,  2.012205e+01,  1.453714e+06,  7.800439e+00,  3.109735e+01,  0.000000e+00,  3.109735e+01,  3.833847e-05,  3.81710788e+00
  4.05263398e+00,  7.69162639e-10,  3.56081808e+00,           4,    1.420000e-02,  6.591622e+01,  3.122005e+01,  1.945470e+01,  2.012205e+01,  1.453487e+06,  7.872099e+00,  3.109735e+01,  0.000000e+00,  3.109735e+01,  3.824127e-05,  3.81710788e+00
  4.05264658e+00,  1.26019607e-05,  3.56083068e+00,           4,    1.420000e-02,  6.591622e+01,  3.121957e+01,  1.933187e+01,  2.012205e+01,  1.453421e+06,  7.896977e+00,  3.109752e+01,  0.000000e+00,  3.109752e+01,  3.820116e-05,  3.81710788e+00
  4.05264658e+00,  3.84581319e-10,  3.56083068e+00,           4,    1.420000e-02,  6.591622e+01,  3.121957e+01,  1.898139e+01,  2.012205e+01,  1.453191e+06,  7.969235e+00,  3.109752e+01,  0.000000e+00,  3.109752e+01,  3.806403e-05,  3.81710788e+00
  4.05265918e+00,  1.26019607e-05,  3.56084328e+00,           4,    1.420000e-02,  6.591622e+01,  3.121909e+01,  1.886161e+01,  2.012205e+01,  1.453123e+06,  7.994407e+00,  3.109768e+01,  0.000000e+00,  3.109768e+01,  3.801009e-05,  3.81710788e+00
  4.05265918e+00,  3.84581319e-10,  3.56084329e+00,           4,    1.420000e-02,  6.591622e+01,  3.121909e+01,  1.852148e+01,  2.012205e+01,  1.452890e+06,  8.067154e+00,  3.109768e+01,  0.000000e+00,  3.109768e+01,  3.783434e-05,  3.81710788e+00
  4.05267178e+00,  1.26019607e-05,  3.56085589e+00,           4,    1.420000e-02,  6.591622e+01,  3.121861e+01,  1.840465e+01,  2.012205e+01,  1.452821e+06,  8.092621e+00,  3.109785e+01,  0.000000e+00,  3.109785e+01,  3.776687e-05,  3.81710788e+00
  4.05267178e+00,  3.84581319e-10,  3.56085589e+00,           4,    1.420000e-02,  6.591622e+01,  3.121861e+01,  1.807504e+01,  2.012205e+01,  1.452585e+06,  8.165745e+00,  3.109785e+01,  0.000000e+00,  3.109785e+01,  3.755416e-05,  3.81710788e+00
  4.05268438e+00,  1.26019607e-05,  3.56086849e+00,           4,    1.420000e-02,  6.591622e+01,  3.121814e+01,  1.796109e+01,  2.012205e+01,  1.452514e+06,  8.191506e+00,  3.109802e+01,  0.000000e+00,  3.109802e+01,  3.747355e-05,  3.81710788e+00
  4.05268439e+00,  3.84581319e-10,  3.56086849e+00,           4,    1.420000e-02,  6.591622e+01,  3.121814e+01,  1.764208e+01,  2.012205e+01,  1.452276e+06,  8.264895e+00,  3.109802e+01,  0.000000e+00,  3.109802e+01,  3.722587e-05,  3.81710788e+00
  4.05269699e+00,  1.26019607e-05,  3.56088109e+00,           4,    1.420000e-02,  6.591622e+01,  3.121767e+01,  1.753094e+01,  2.012205e+01,  1.452204e+06,  8.290949e+00,  3.109818e+01,  0.000000e+00,  3.109818e+01,  3.713255e-05,  3.81710788e+00
  4.05269699e+00,  3.84581319e-10,  3.56088109e+00,           4,    1.420000e-02,  6.591622e+01,  3.121767e+01,  1.722261e+01,  2.012205e+01,  1.451963e+06,  8.364490e+00,  3.109818e+01,  0.000000e+00,  3.109818e+01,  3.685216e-05,  3.81710788e+00
  4.05270959e+00,  1.26019607e-05,  3.56089369e+00,           4,    1.420000e-02,  6.591622e+01,  3.121721e+01,  1.711419e+01,  2.012205e+01,  1.451889e+06,  8.390834e+00,  3.109835e+01,  0.000000e+00,  3.109835e+01,  3.674664e-05,  3.81710788e+00
  4.05270959e+00,  3.84581319e-10,  3.56089369e+00,           4,    1.420000e-02,  6.591622e+01,  3.121721e+01,  1.681653e+01,  2.012205e+01,  1.451647e+06,  8.464416e+00,  3.109835e+01,  0.000000e+00,  3.109835e+01,  3.643602e-05,  3.81710788e+00
  4.05272219e+00,  1.26019607e-05,  3.56090630e+00,           4,    1.420000e-02,  6.591622e+01,  3.121675e+01,  1.671077e+01,  2.012205e+01,  1.451571e+06,  8.491049e+00,  3.109851e+01,  0.000000e+00,  3.109851e+01,  3.631886e-05,  3.81710788e+00
  4.05272219e+00,  3.84581319e-10,  3.56090630e+00,           4,    1.420000e-02,  6.591622e+01,  3.121675e+01,  1.642374e+01,  2.012205e+01,  1.451327e+06,  8.564564e+00,  3.109851e+01,  0.000000e+00,  3.109851e+01,  3.598068e-05,  3.81710788e+00
  4.05273479e+00,  1.26019607e-05,  3.56091890e+00,           4,    1.420000e-02,  6.591622e+01,  3.121630e+01,  1.632056e+01,  2.012205e+01,  1.451250e+06,  8.591482e+00,  3.109868e+01,  0.000000e+00,  3.109868e+01,  3.585246e-05,  3.81710788e+00
  4.05273479e+00,  3.84581319e-10,  3.56091890e+00,           4,    1.420000e-02,  6.591622e+01,  3.121630e+01,  1.604408e+01,  2.012205e+01,  1.451005e+06,  8.664824e+00,  3.109868e+01,  0.000000e+00,  3.109868e+01,  3.548952e-05,  3.81710788e+00
  4.05274740e+00,  1.26019607e-05,  3.56093150e+00,           4,    1.420000e-02,  6.591622e+01,  3.121586e+01,  1.594339e+01,  2.012205e+01,  1.450926e+06,  8.692025e+00,  3.109885e+01,  0.000000e+00,  3.109885e+01,  3.535088e-05,  3.81710788e+00
  4.05274740e+00,  3.84581319e-10,  3.56093150e+00,           4,    1.420000e-02,  6.591622e+01,  3.121586e+01,  1.567735e+01,  2.012205e+01,  1.450679e+06,  8.765093e+00,  3.109885e+01,  0.000000e+00,  3.109885e+01,  3.496604e-05,  3.81710788e+00
  4.05276000e+00,  1.26019607e-05,  3.56094410e+00,           4,    1.420000e-02,  6.591622e+01,  3.121542e+01,  1.557908e+01,  2.012205e+01,  1.450599e+06,  8.792572e+00,  3.109901e+01,  0.000000e+00,  3.109901e+01,  3.481763e-05,  3.81710788e+00
  4.05276000e+00,  3.84581319e-10,  3.56094410e+00,           4,    1.420000e-02,  6.591622e+01,  3.121542e+01,  1.532332e+01,  2.012205e+01,  1.450352e+06,  8.865270e+00,  3.109901e+01,  0.000000e+00,  3.109901e+01,  3.441378e-05,  3.81710788e+00
  4.05277260e+00,  1.26019607e-05,  3.56095671e+00,           4,    1.420000e-02,  6.591622e+01,  3.121499e+01,  1.522739e+01,  2.012205e+01,  1.450270e+06,  8.893025e+00,  3.109918e+01,  0.000000e+00,  3.109918e+01,  3.425629e-05,  3.81710788e+00
  4.05277260e+00,  3.84581319e-10,  3.56095671e+00,           4,    1.420000e-02,  6.591622e+01,  3.121499e+01,  1.498172e+01,  2.012205e+01,  1.450022e+06,  8.965259e+00,  3.109918e+01,  0.000000e+00,  3.109918e+01,  3.383630e-05,  3.81710788e+00
  4.05278520e+00,  1.26019607e-05,  3.56096931e+00,           4,    1.420000e-02,  6.591622e+01,  3.121456e+01,  1.488806e+01,  2.012205e+01,  1.449938e+06,  8.993286e+00,  3.109934e+01,  0.000000e+00,  3.109934e+01,  3.367041e-05,  3.81710788e+00
  4.05278520e+00,  3.84581319e-10,  3.56096931e+00,           4,    1.420000e-02,  6.591622e+01,  3.121456e+01,  1.465227e+01,  2.012205e+01,  1.449691e+06,  9.064972e+00,  3.109934e+01,  0.000000e+00,  3.109934e+01,  3.323711e-05,  3.81710788e+00
  4.05279781e+00,  1.26019607e-05,  3.56098191e+00,           4,    1.420000e-02,  6.591622e+01,  3.121414e+01,  1.456080e+01,  2.012205e+01,  1.449605e+06,  9.093266e+00,  3.109951e+01,  0.000000e+00,  3.109951e+01,  3.306351e-05,  3.81710788e+00
  4.05279781e+00,  3.84581319e-10,  3.56098191e+00,           4,    1.420000e-02,  6.591622e+01,  3.121414e+01,  1.433465e+01,  2.012205e+01,  1.449358e+06,  9.164324e+00,  3.109951e+01,  0.000000e+00,  3.109951e+01,  3.261962e-05,  3.81710788e+00
  4.05281041e+00,  1.26019607e-05,  3.56099451e+00,           4,    1.420000e-02,  6.591622e+01,  3.121374e+01,  1.424530e+01,  2.012205e+01,  1.449271e+06,  9.192880e+00,  3.109968e+01,  0.000000e+00,  3.109968e+01,  3.243900e-05,  3.81710788e+00
  4.05281041e+00,  3.84581319e-10,  3.56099451e+00,           4,    1.420000e-02,  6.591622e+01,  3.121374e+01,  1.402854e+01,  2.012205e+01,  1.449024e+06,  9.263236e+00,  3.109968e+01,  0.000000e+00,  3.109968e+01,  3.198712e-05,  3.81710788e+00
  4.05282301e+00,  1.26019607e-05,  3.56100712e+00,           4,    1.420000e-02,  6.591622e+01,  3.121333e+01,  1.394124e+01,  2.012205e+01,  1.448935e+06,  9.292051e+00,  3.109984e+01,  0.000000e+00,  3.109984e+01,  3.180016e-05,  3.81710788e+00
  4.05282301e+00,  3.84581319e-10,  3.56100712e+00,           4,    1.420000e-02,  6.591622e+01,  3.121333e+01,  1.373359e+01,  2.012205e+01,  1.448689e+06,  9.361637e+00,  3.109984e+01,  0.000000e+00,  3.109984e+01,  3.134275e-05,  3.81710788e+00
  4.05283561e+00,  1.26019607e-05,  3.56101972e+00,           4,    1.420000e-02,  6.591622e+01,  3.121294e+01,  1.364827e+01,  2.012205e+01,  1.448598e+06,  9.390705e+00,  3.110001e+01,  0.000000e+00,  3.110001e+01,  3.115012e-05,  3.81710788e+00
  4.05283561e+00,  3.84581319e-10,  3.56101972e+00,           4,    1.420000e-02,  6.591622e+01,  3.121294e+01,  1.344945e+01,  2.012205e+01,  1.448353e+06,  9.459461e+00,  3.110001e+01,  0.000000e+00,  3.110001e+01,  3.068949e-05,  3.81710788e+00
  4.05284822e+00,  1.26019607e-05,  3.56103232e+00,           4,    1.420000e-02,  6.591622e+01,  3.121256e+01,  1.336604e+01,  2.012205e+01,  1.448260e+06,  9.488777e+00,  3.110017e+01,  0.000000e+00,  3.110017e+01,  3.049183e-05,  3.81710788e+00
  4.05284822e+00,  3.84581319e-10,  3.56103232e+00,           4,    1.420000e-02,  6.591622e+01,  3.121256e+01,  1.317575e+01,  2.012205e+01,  1.448016e+06,  9.556649e+00,  3.110017e+01,  0.000000e+00,  3.110017e+01,  3.003009e-05,  3.81710788e+00
  4.05286082e+00,  1.26019607e-05,  3.56104492e+00,           4,    1.420000e-02,  6.591622e+01,  3.121218e+01,  1.309420e+01,  2.012205e+01,  1.447922e+06,  9.586208e+00,  3.110034e+01,  0.000000e+00,  3.110034e+01,  2.982804e-05,  3.81710788e+00
  4.05286082e+00,  3.84581319e-10,  3.56104492e+00,           4,    1.420000e-02,  6.591622e+01,  3.121218e+01,  1.291215e+01,  2.012205e+01,  1.447679e+06,  9.653146e+00,  3.110034e+01,  0.000000e+00,  3.110034e+01,  2.936712e-05,  3.81710788e+00
  4.05287342e+00,  1.26019607e-05,  3.56105752e+00,           4,    1.420000e-02,  6.591622e+01,  3.121181e+01,  1.283237e+01,  2.012205e+01,  1.447583e+06,  9.682944e+00,  3.110051e+01,  0.000000e+00,  3.110051e+01,  2.916128e-05,  3.81710788e+00
  4.05287342e+00,  3.84581319e-10,  3.56105753e+00,           4,    1.420000e-02,  6.591622e+01,  3.121181e+01,  1.265825e+01,  2.012205e+01,  1.447342e+06,  9.748906e+00,  3.110051e+01,  0.000000e+00,  3.110051e+01,  2.870295e-05,  3.81710788e+00
  4.05288602e+00,  1.26019607e-05,  3.56107013e+00,           4,    1.420000e-02,  6.591622e+01,  3.121146e+01,  1.258020e+01,  2.012205e+01,  1.447245e+06,  9.778937e+00,  3.110067e+01,  0.000000e+00,  3.110067e+01,  2.849390e-05,  3.81710788e+00
  4.05288602e+00,  3.84581319e-10,  3.56107013e+00,           4,    1.420000e-02,  6.591622e+01,  3.121146e+01,  1.241372e+01,  2.012205e+01,  1.447005e+06,  9.843887e+00,  3.110067e+01,  0.000000e+00,  3.110067e+01,  2.803973e-05,  3.81710788e+00
  4.05289862e+00,  1.26019607e-05,  3.56108273e+00,           4,    1.420000e-02,  6.591622e+01,  3.121110e+01,  1.233733e+01,  2.012205e+01,  1.446906e+06,  9.874145e+00,  3.110084e+01,  0.000000e+00,  3.110084e+01,  2.782800e-05,  3.81710788e+00
  4.05289863e+00,  3.84581319e-10,  3.56108273e+00,           4,    1.420000e-02,  6.591622e+01,  3.121110e+01,  1.217816e+01,  2.012205e+01,  1.446668e+06,  9.938052e+00,  3.110084e+01,  0.000000e+00,  3.110084e+01,  2.737937e-05,  3.81710788e+00
  4.05291123e+00,  1.26019607e-05,  3.56109533e+00,           4,    1.420000e-02,  6.591622e+01,  3.121076e+01,  1.210338e+01,  2.012205e+01,  1.446567e+06,  9.968533e+00,  3.110100e+01,  0.000000e+00,  3.110100e+01,  2.716549e-05,  3.81710788e+00
  4.05291123e+00,  1.92290660e-10,  3.56109533e+00,           4,    1.420000e-02,  6.591622e+01,  3.121076e+01,  1.195125e+01,  2.012205e+01,  1.446331e+06,  1.003137e+01,  3.110100e+01,  0.000000e+00,  3.110100e+01,  2.672363e-05,  3.81710788e+00
  4.05292383e+00,  1.26019607e-05,  3.56110793e+00,           4,    1.420000e-02,  6.591622e+01,  3.121043e+01,  1.187802e+01,  2.012205e+01,  1.446228e+06,  1.006207e+01,  3.110117e+01,  0.000000e+00,  3.110117e+01,  2.650808e-05,  3.81710788e+00
  4.05292383e+00,  1.92290660e-10,  3.56110793e+00,           4,    1.420000e-02,  6.591622e+01,  3.121043e+01,  1.173261e+01,  2.012205e+01,  1.445994e+06,  1.012382e+01,  3.110117e+01,  0.000000e+00,  3.110117e+01,  2.607403e-05,  3.81710788e+00
  4.05293643e+00,  1.26019607e-05,  3.56112054e+00,           4,    1.420000e-02,  6.591622e+01,  3.121010e+01,  1.166088e+01,  2.012205e+01,  1.445890e+06,  1.015472e+01,  3.110134e+01,  0.000000e+00,  3.110134e+01,  2.585727e-05,  3.81710788e+00
  4.05293643e+00,  1.92290660e-10,  3.56112054e+00,           4,    1.420000e-02,  6.591622e+01,  3.121010e+01,  1.152192e+01,  2.012205e+01,  1.445658e+06,  1.021537e+01,  3.110134e+01,  0.000000e+00,  3.110134e+01,  2.543192e-05,  3.81710788e+00
  4.05294903e+00,  1.26019607e-05,  3.56113314e+00,           4,    1.420000e-02,  6.591622e+01,  3.120978e+01,  1.145163e+01,  2.012205e+01,  1.445552e+06,  1.024648e+01,  3.110150e+01,  0.000000e+00,  3.110150e+01,  2.521436e-05,  3.81710788e+00
  4.05294903e+00,  1.92290660e-10,  3.56113314e+00,           4,    1.420000e-02,  6.591622e+01,  3.120978e+01,  1.131883e+01,  2.012205e+01,  1.445323e+06,  1.030601e+01,  3.110150e+01,  0.000000e+00,  3.110150e+01,  2.479846e-05,  3.81710788e+00
  4.05296164e+00,  1.26019607e-05,  3.56114574e+00,           4,    1.420000e-02,  6.591622e+01,  3.120948e+01,  1.124993e+01,  2.012205e+01,  1.445215e+06,  1.033732e+01,  3.110167e+01,  0.000000e+00,  3.110167e+01,  2.458049e-05,  3.81710788e+00
  4.05296164e+00,  1.92290660e-10,  3.56114574e+00,           4,    1.420000e-02,  6.591622e+01,  3.120948e+01,  1.112302e+01,  2.012205e+01,  1.444988e+06,  1.039572e+01,  3.110167e+01,  0.000000e+00,  3.110167e+01,  2.417465e-05,  3.81710788e+00
  4.05297424e+00,  1.26019607e-05,  3.56115834e+00,           4,    1.420000e-02,  6.591622e+01,  3.120917e+01,  1.105547e+01,  2.012205e+01,  1.444878e+06,  1.042724e+01,  3.110183e+01,  0.000000e+00,  3.110183e+01,  2.395664e-05,  3.81710788e+00
  4.05297424e+00,  1.92290660e-10,  3.56115834e+00,           4,    1.420000e-02,  6.591622e+01,  3.120917e+01,  1.093418e+01,  2.012205e+01,  1.444654e+06,  1.048450e+01,  3.110183e+01,  0.000000e+00,  3.110183e+01,  2.356133e-05,  3.81710788e+00
  4.05298684e+00,  1.26019607e-05,  3.56117094e+00,           4,    1.420000e-02,  6.591622e+01,  3.120888e+01,  1.086793e+01,  2.012205e+01,  1.444542e+06,  1.051621e+01,  3.110200e+01,  0.000000e+00,  3.110200e+01,  2.334362e-05,  3.81710788e+00
  4.05298684e+00,  1.92290660e-10,  3.56117095e+00,           4,    1.420000e-02,  6.591622e+01,  3.120888e+01,  1.075200e+01,  2.012205e+01,  1.444321e+06,  1.057235e+01,  3.110200e+01,  0.000000e+00,  3.110200e+01,  2.295922e-05,  3.81710788e+00
  4.05299944e+00,  1.26019607e-05,  3.56118355e+00,           4,    1.420000e-02,  6.591622e+01,  3.120859e+01,  1.068700e+01,  2.012205e+01,  1.444207e+06,  1.060424e+01,  3.110217e+01,  0.000000e+00,  3.110217e+01,  2.274211e-05,  3.81710788e+00
  4.05299944e+00,  1.92290660e-10,  3.56118355e+00,           4,    1.420000e-02,  6.591622e+01,  3.120859e+01,  1.057619e+01,  2.012205e+01,  1.443988e+06,  1.065924e+01,  3.110217e+01,  0.000000e+00,  3.110217e+01,  2.236890e-05,  3.81710788e+00
  4.05301204e+00,  1.26019607e-05,  3.56119615e+00,           4,    1.420000e-02,  6.591622e+01,  3.120831e+01,  1.051241e+01,  2.012205e+01,  1.443873e+06,  1.069132e+01,  3.110233e+01,  0.000000e+00,  3.110233e+01,  2.215266e-05,  3.81710788e+00
  4.05301204e+00,  1.92290660e-10,  3.56119615e+00,           4,    1.420000e-02,  6.591622e+01,  3.120831e+01,  1.040647e+01,  2.012205e+01,  1.443657e+06,  1.074520e+01,  3.110233e+01,  0.000000e+00,  3.110233e+01,  2.179081e-05,  3.81710788e+00
  4.05302465e+00,  1.26019607e-05,  3.56120875e+00,           4,    1.420000e-02,  6.591622e+01,  3.120804e+01,  1.034386e+01,  2.012205e+01,  1.443540e+06,  1.077744e+01,  3.110250e+01,  0.000000e+00,  3.110250e+01,  2.157570e-05,  3.81710788e+00
  4.05302504e+00,  3.93811271e-07,  3.56120915e+00,           4,    1.420000e-02,  6.591622e+01,  3.120803e+01,  1.024064e+01,  2.012205e+01,  1.443323e+06,  1.083122e+01,  3.110250e+01,  0.000000e+00,  3.110250e+01,  2.121863e-05,  3.81710788e+00
  4.05303764e+00,  1.26019607e-05,  3.56122175e+00,           4,    1.420000e-02,  6.591622e+01,  3.120777e+01,  1.017612e+01,  2.012205e+01,  1.443197e+06,  1.086527e+01,  3.110267e+01,  0.000000e+00,  3.110267e+01,  2.099419e-05,  3.81710788e+00
  4.05303843e+00,  7.87622542e-07,  3.56122253e+00,           4,    1.420000e-02,  6.591622e+01,  3.120775e+01,  1.007560e+01,  2.012205e+01,  1.442979e+06,  1.091892e+01,  3.110268e+01,  0.000000e+00,  3.110268e+01,  2.064238e-05,  3.81710788e+00
  4.05305103e+00,  1.26019607e-05,  3.56123514e+00,           4,    1.420000e-02,  6.591622e+01,  3.120750e+01,  1.000943e+01,  2.012205e+01,  1.442845e+06,  1.095470e+01,  3.110285e+01,  0.000000e+00,  3.110285e+01,  2.040961e-05,  3.81710788e+00
  4.05305261e+00,  1.57524508e-06,  3.56123671e+00,           4,    1.420000e-02,  6.591622e+01,  3.120746e+01,  9.909728e+00,  2.012205e+01,  1.442622e+06,  1.100924e+01,  3.110287e+01,  0.000000e+00,  3.110287e+01,  2.005693e-05,  3.81710788e+00
  4.05306521e+00,  1.26019607e-05,  3.56124931e+00,           4,    1.420000e-02,  6.591622e+01,  3.120721e+01,  9.839399e+00,  2.012205e+01,  1.442474e+06,  1.104823e+01,  3.110303e+01,  0.000000e+00,  3.110303e+01,  1.980695e-05,  3.81710788e+00
  4.05306678e+00,  1.57524508e-06,  3.56125089e+00,           4,    1.420000e-02,  6.591622e+01,  3.120718e+01,  9.744326e+00,  2.012205e+01,  1.442254e+06,  1.110157e+01,  3.110305e+01,  0.000000e+00,  3.110305e+01,  1.946732e-05,  3.81710788e+00
  4.05307939e+00,  1.26019607e-05,  3.56126349e+00,           4,    1.420000e-02,  6.591622e+01,  3.120694e+01,  9.675689e+00,  2.012205e+01,  1.442104e+06,  1.114059e+01,  3.110322e+01,  0.000000e+00,  3.110322e+01,  1.922112e-05,  3.81710788e+00
  4.05308096e+00,  1.57524508e-06,  3.56126507e+00,           4,    1.420000e-02,  6.591622e+01,  3.120691e+01,  9.584995e+00,  2.012205e+01,  1.441887e+06,  1.119275e+01,  3.110324e+01,  0.000000e+00,  3.110324e+01,  1.889438e-05,  3.81710788e+00
  4.05309356e+00,  1.26019607e-05,  3.56127767e+00,           4,    1.420000e-02,  6.591622e+01,  3.120668e+01,  9.517979e+00,  2.012205e+01,  1.441735e+06,  1.123179e+01,  3.110341e+01,  0.000000e+00,  3.110341e+01,  1.865211e-05,  3.81710788e+00
  4.05309671e+00,  3.15049017e-06,  3.56128082e+00,           4,    1.420000e-02,  6.591622e+01,  3.120662e+01,  9.424433e+00,  2.012205e+01,  1.441505e+06,  1.128695e+01,  3.110345e+01,  0.000000e+00,  3.110345e+01,  1.831263e-05,  3.81710788e+00
  4.05310932e+00,  1.26019607e-05,  3.56129342e+00,           4,    1.420000e-02,  6.591622e+01,  3.120639e+01,  9.349433e+00,  2.012205e+01,  1.441327e+06,  1.133178e+01,  3.110361e+01,  0.000000e+00,  3.110361e+01,  1.803956e-05,  3.81710788e+00
  4.05311247e+00,  3.15049017e-06,  3.56129657e+00,           4,    1.420000e-02,  6.591622e+01,  3.120634e+01,  9.260380e+00,  2.012205e+01,  1.441100e+06,  1.138568e+01,  3.110366e+01,  0.000000e+00,  3.110366e+01,  1.771424e-05,  3.81710788e+00
  4.05312507e+00,  1.26019607e-05,  3.56130917e+00,           4,    1.420000e-02,  6.591622e+01,  3.120612e+01,  9.187537e+00,  2.012205e+01,  1.440921e+06,  1.143037e+01,  3.110382e+01,  0.000000e+00,  3.110382e+01,  1.744745e-05,  3.81710788e+00
  4.05312822e+00,  3.15049017e-06,  3.56131232e+00,           4,    1.420000e-02,  6.591622e+01,  3.120606e+01,  9.102717e+00,  2.012205e+01,  1.440696e+06,  1.148306e+01,  3.110386e+01,  0.000000e+00,  3.110386e+01,  1.713596e-05,  3.81710788e+00
  4.05314082e+00,  1.26019607e-05,  3.56132493e+00,           4,    1.420000e-02,  6.591622e+01,  3.120585e+01,  9.031929e+00,  2.012205e+01,  1.440516e+06,  1.152761e+01,  3.110403e+01,  0.000000e+00,  3.110403e+01,  1.687549e-05,  3.81710788e+00
  4.05314397e+00,  3.15049017e-06,  3.56132808e+00,           4,    1.420000e-02,  6.591622e+01,  3.120580e+01,  8.951095e+00,  2.012205e+01,  1.440294e+06,  1.157910e+01,  3.110407e+01,  0.000000e+00,  3.110407e+01,  1.657745e-05,  3.81710788e+00
  4.05315657e+00,  1.26019607e-05,  3.56134068e+00,           4,    1.420000e-02,  6.591622e+01,  3.120559e+01,  8.882265e+00,  2.012205e+01,  1.440113e+06,  1.162351e+01,  3.110424e+01,  0.000000e+00,  3.110424e+01,  1.632330e-05,  3.81710788e+00
  4.05315972e+00,  3.15049017e-06,  3.56134383e+00,           4,    1.420000e-02,  6.591622e+01,  3.120554e+01,  8.805189e+00,  2.012205e+01,  1.439894e+06,  1.167383e+01,  3.110428e+01,  0.000000e+00,  3.110428e+01,  1.603828e-05,  3.81710788e+00
  4.05317233e+00,  1.26019607e-05,  3.56135643e+00,           4,    1.420000e-02,  6.591622e+01,  3.120534e+01,  8.738225e+00,  2.012205e+01,  1.439711e+06,  1.171810e+01,  3.110444e+01,  0.000000e+00,  3.110444e+01,  1.579044e-05,  3.81710788e+00
  4.05317863e+00,  6.30098033e-06,  3.56136273e+00,           4,    1.420000e-02,  6.591622e+01,  3.120524e+01,  8.652048e+00,  2.012205e+01,  1.439460e+06,  1.177580e+01,  3.110453e+01,  0.000000e+00,  3.110453e+01,  1.547118e-05,  3.81710788e+00
  4.05319123e+00,  1.26019607e-05,  3.56137533e+00,           4,    1.420000e-02,  6.591622e+01,  3.120505e+01,  8.572378e+00,  2.012205e+01,  1.439231e+06,  1.182992e+01,  3.110469e+01,  0.000000e+00,  3.110469e+01,  1.517587e-05,  3.81710788e+00
  4.05319753e+00,  6.30098033e-06,  3.56138163e+00,           4,    1.420000e-02,  6.591622e+01,  3.120496e+01,  8.490470e+00,  2.012205e+01,  1.438983e+06,  1.188634e+01,  3.110478e+01,  0.000000e+00,  3.110478e+01,  1.487215e-05,  3.81710788e+00
  4.05321013e+00,  1.26019607e-05,  3.56139424e+00,           4,    1.420000e-02,  6.591622e+01,  3.120478e+01,  8.413707e+00,  2.012205e+01,  1.438753e+06,  1.193996e+01,  3.110494e+01,  0.000000e+00,  3.110494e+01,  1.458755e-05,  3.81710788e+00
  4.05321643e+00,  6.30098033e-06,  3.56140054e+00,           4,    1.420000e-02,  6.591622e+01,  3.120468e+01,  8.335789e+00,  2.012205e+01,  1.438508e+06,  1.199512e+01,  3.110503e+01,  0.000000e+00,  3.110503e+01,  1.429874e-05,  3.81710788e+00
  4.05322903e+00,  1.26019607e-05,  3.56141314e+00,           4,    1.420000e-02,  6.591622e+01,  3.120451e+01,  8.261763e+00,  2.012205e+01,  1.438277e+06,  1.204826e+01,  3.110519e+01,  0.000000e+00,  3.110519e+01,  1.402456e-05,  3.81710788e+00
  4.05323534e+00,  6.30098033e-06,  3.56141944e+00,           4,    1.420000e-02,  6.591622e+01,  3.120442e+01,  8.187573e+00,  2.012205e+01,  1.438034e+06,  1.210221e+01,  3.110527e+01,  0.000000e+00,  3.110527e+01,  1.375001e-05,  3.81710788e+00
  4.05324794e+00,  1.26019607e-05,  3.56143204e+00,           4,    1.420000e-02,  6.591622e+01,  3.120425e+01,  8.116128e+00,  2.012205e+01,  1.437803e+06,  1.215487e+01,  3.110544e+01,  0.000000e+00,  3.110544e+01,  1.348594e-05,  3.81710788e+00
  4.05325424e+00,  6.30098033e-06,  3.56143834e+00,           4,    1.420000e-02,  6.591622e+01,  3.120417e+01,  8.045425e+00,  2.012205e+01,  1.437563e+06,  1.220765e+01,  3.110552e+01,  0.000000e+00,  3.110552e+01,  1.322498e-05,  3.81710788e+00
  4.05326684e+00,  1.26019607e-05,  3.56145095e+00,           4,    1.420000e-02,  6.591622e+01,  3.120400e+01,  7.976413e+00,  2.012205e+01,  1.437331e+06,  1.225986e+01,  3.110569e+01,  0.000000e+00,  3.110569e+01,  1.297071e-05,  3.81710788e+00
  4.05327314e+00,  6.30098033e-06,  3.56145725e+00,           4,    1.420000e-02,  6.591622e+01,  3.120392e+01,  7.908975e+00,  2.012205e+01,  1.437093e+06,  1.231150e+01,  3.110577e+01,  0.000000e+00,  3.110577e+01,  1.272270e-05,  3.81710788e+00
  4.05328574e+00,  1.26019607e-05,  3.56146985e+00,           4,    1.420000e-02,  6.591622e+01,  3.120377e+01,  7.842261e+00,  2.012205e+01,  1.436861e+06,  1.236326e+01,  3.110594e+01,  0.000000e+00,  3.110594e+01,  1.247790e-05,  3.81710788e+00
  4.05329204e+00,  6.30098033e-06,  3.56147615e+00,           4,    1.420000e-02,  6.591622e+01,  3.120369e+01,  7.777882e+00,  2.012205e+01,  1.436625e+06,  1.241381e+01,  3.110602e+01,  0.000000e+00,  3.110602e+01,  1.224220e-05,  3.81710788e+00
  4.05330465e+00,  1.26019607e-05,  3.56148875e+00,           4,    1.420000e-02,  6.591622e+01,  3.120354e+01,  7.713339e+00,  2.012205e+01,  1.436392e+06,  1.246514e+01,  3.110619e+01,  0.000000e+00,  3.110619e+01,  1.200653e-05,  3.81710788e+00
  4.05331095e+00,  6.30098033e-06,  3.56149505e+00,           4,    1.420000e-02,  6.591622e+01,  3.120346e+01,  7.651826e+00,  2.012205e+01,  1.436159e+06,  1.251463e+01,  3.110627e+01,  0.000000e+00,  3.110627e+01,  1.178254e-05,  3.81710788e+00
  4.05332355e+00,  1.26019607e-05,  3.56150765e+00,           4,    1.420000e-02,  6.591622e+01,  3.120332e+01,  7.589337e+00,  2.012205e+01,  1.435925e+06,  1.256554e+01,  3.110644e+01,  0.000000e+00,  3.110644e+01,  1.155568e-05,  3.81710788e+00
  4.05332985e+00,  6.30098033e-06,  3.56151396e+00,           4,    1.420000e-02,  6.591622e+01,  3.120325e+01,  7.530515e+00,  2.012205e+01,  1.435694e+06,  1.261401e+01,  3.110652e+01,  0.000000e+00,  3.110652e+01,  1.134279e-05,  3.81710788e+00
  4.05334245e+00,  1.26019607e-05,  3.56152656e+00,           4,    1.420000e-02,  6.591622e+01,  3.120311e+01,  7.469970e+00,  2.012205e+01,  1.435459e+06,  1.266451e+01,  3.110669e+01,  0.000000e+00,  3.110669e+01,  1.112440e-05,  3.81710788e+00
  4.05334875e+00,  6.30098033e-06,  3.56153286e+00,           4,    1.420000e-02,  6.591622e+01,  3.120304e+01,  7.413675e+00,  2.012205e+01,  1.435231e+06,  1.271199e+01,  3.110677e+01,  0.000000e+00,  3.110677e+01,  1.092204e-05,  3.81710788e+00
  4.05336136e+00,  1.26019607e-05,  3.56154546e+00,           4,    1.420000e-02,  6.591622e+01,  3.120290e+01,  7.354973e+00,  2.012205e+01,  1.434995e+06,  1.276210e+01,  3.110694e+01,  0.000000e+00,  3.110694e+01,  1.071181e-05,  3.81710788e+00
  4.05336766e+00,  6.30098033e-06,  3.56155176e+00,           4,    1.420000e-02,  6.591622e+01,  3.120284e+01,  7.301051e+00,  2.012205e+01,  1.434768e+06,  1.280863e+01,  3.110702e+01,  0.000000e+00,  3.110702e+01,  1.051942e-05,  3.81710788e+00
  4.05338026e+00,  1.26019607e-05,  3.56156436e+00,           4,    1.420000e-02,  6.591622e+01,  3.120271e+01,  7.244097e+00,  2.012205e+01,  1.434531e+06,  1.285835e+01,  3.110718e+01,  0.000000e+00,  3.110718e+01,  1.031703e-05,  3.81710788e+00
  4.05339286e+00,  1.26019607e-05,  3.56157696e+00,           4,    1.420000e-02,  6.591622e+01,  3.120258e+01,  7.172364e+00,  2.012205e+01,  1.434223e+06,  1.292180e+01,  3.110735e+01,  0.000000e+00,  3.110735e+01,  1.006336e-05,  3.81710788e+00
  4.05340546e+00,  1.26019607e-05,  3.56158957e+00,           4,    1.420000e-02,  6.591622e+01,  3.120246e+01,  7.102297e+00,  2.012205e+01,  1.433915e+06,  1.298469e+01,  3.110752e+01,  0.000000e+00,  3.110752e+01,  9.816989e-06,  3.81710788e+00
  4.05341806e+00,  1.26019607e-05,  3.56160217e+00,           4,    1.420000e-02,  6.591622e+01,  3.120234e+01,  7.033834e+00,  2.012205e+01,  1.433608e+06,  1.304703e+01,  3.110768e+01,  0.000000e+00,  3.110768e+01,  9.577694e-06,  3.81710788e+00
  4.05343067e+00,  1.26019607e-05,  3.56161477e+00,           4,    1.420000e-02,  6.591622e+01,  3.120222e+01,  6.966918e+00,  2.012205e+01,  1.433301e+06,  1.310883e+01,  3.110785e+01,  0.000000e+00,  3.110785e+01,  9.345247e-06,  3.81710788e+00
  4.05344327e+00,  1.26019607e-05,  3.56162737e+00,           4,    1.420000e-02,  6.591622e+01,  3.120210e+01,  6.901494e+00,  2.012205e+01,  1.432994e+06,  1.317012e+01,  3.110801e+01,  0.000000e+00,  3.110801e+01,  9.119427e-06,  3.81710788e+00
  4.05345587e+00,  1.26019607e-05,  3.56163997e+00,           4,    1.420000e-02,  6.591622e+01,  3.120199e+01,  6.837507e+00,  2.012205e+01,  1.432688e+06,  1.323089e+01,  3.110818e+01,  0.000000e+00,  3.110818e+01,  8.900022e-06,  3.81710788e+00
  4.05346847e+00,  1.26019607e-05,  3.56165258e+00,           4,    1.420000e-02,  6.591622e+01,  3.120188e+01,  6.774908e+00,  2.012205e+01,  1.432382e+06,  1.329116e+01,  3.110835e+01,  0.000000e+00,  3.110835e+01,  8.686825e-06,  3.81710788e+00
  4.05348107e+00,  1.26019607e-05,  3.56166518e+00,           4,    1.420000e-02,  6.591622e+01,  3.120177e+01,  6.713649e+00,  2.012205e+01,  1.432076e+06,  1.335095e+01,  3.110851e+01,  0.000000e+00,  3.110851e+01,  8.479637e-06,  3.81710788e+00
  4.05349368e+00,  1.26019607e-05,  3.56167778e+00,           4,    1.420000e-02,  6.591622e+01,  3.120167e+01,  6.653682e+00,  2.012205e+01,  1.431771e+06,  1.341026e+01,  3.110868e+01,  0.000000e+00,  3.110868e+01,  8.278264e-06,  3.81710788e+00
  4.05350628e+00,  1.26019607e-05,  3.56169038e+00,           4,    1.420000e-02,  6.591622e+01,  3.120157e+01,  6.594965e+00,  2.012205e+01,  1.431466e+06,  1.346911e+01,  3.110884e+01,  0.000000e+00,  3.110884e+01,  8.082519e-06,  3.81710788e+00
  4.05351888e+00,  1.26019607e-05,  3.56170298e+00,           4,    1.420000e-02,  6.591622e+01,  3.120147e+01,  6.537456e+00,  2.012205e+01,  1.431160e+06,  1.352750e+01,  3.110901e+01,  0.000000e+00,  3.110901e+01,  7.892222e-06,  3.81710788e+00
  4.05353148e+00,  1.26019607e-05,  3.56171559e+00,           4,    1.420000e-02,  6.591622e+01,  3.120137e+01,  6.481113e+00,  2.012205e+01,  1.430855e+06,  1.358545e+01,  3.110918e+01,  0.000000e+00,  3.110918e+01,  7.707198e-06,  3.81710788e+00
  4.05354408e+00,  1.26019607e-05,  3.56172819e+00,           4,    1.420000e-02,  6.591622e+01,  3.120128e+01,  6.425898e+00,  2.012205e+01,  1.430550e+06,  1.364297e+01,  3.110934e+01,  0.000000e+00,  3.110934e+01,  7.527278e-06,  3.81710788e+00
  4.05355669e+00,  1.26019607e-05,  3.56174079e+00,           4,    1.420000e-02,  6.591622e+01,  3.120118e+01,  6.371775e+00,  2.012205e+01,  1.430245e+06,  1.370006e+01,  3.110951e+01,  0.000000e+00,  3.110951e+01,  7.352299e-06,  3.81710788e+00
  4.05356929e+00,  1.26019607e-05,  3.56175339e+00,           4,    1.420000e-02,  6.591622e+01,  3.120109e+01,  6.318709e+00,  2.012205e+01,  1.429941e+06,  1.375673e+01,  3.110968e+01,  0.000000e+00,  3.110968e+01,  7.182104e-06,  3.81710788e+00
  4.05358189e+00,  1.26019607e-05,  3.56176599e+00,           4,    1.420000e-02,  6.591622e+01,  3.120101e+01,  6.266666e+00,  2.012205e+01,  1.429636e+06,  1.381300e+01,  3.110984e+01,  0.000000e+00,  3.110984e+01,  7.016541e-06,  3.81710788e+00
  4.05359449e+00,  1.26019607e-05,  3.56177860e+00,           4,    1.420000e-02,  6.591622e+01,  3.120092e+01,  6.215612e+00,  2.012205e+01,  1.429331e+06,  1.386887e+01,  3.111001e+01,  0.000000e+00,  3.111001e+01,  6.855463e-06,  3.81710788e+00
  4.05360709e+00,  1.26019607e-05,  3.56179120e+00,           4,    1.420000e-02,  6.591622e+01,  3.120083e+01,  6.165519e+00,  2.012205e+01,  1.429026e+06,  1.392436e+01,  3.111017e+01,  0.000000e+00,  3.111017e+01,  6.698729e-06,  3.81710788e+00
  4.05361970e+00,  1.26019607e-05,  3.56180380e+00,           4,    1.420000e-02,  6.591622e+01,  3.120075e+01,  6.116355e+00,  2.012205e+01,  1.428721e+06,  1.397946e+01,  3.111034e+01,  0.000000e+00,  3.111034e+01,  6.546201e-06,  3.81710788e+00
  4.05363230e+00,  1.26019607e-05,  3.56181640e+00,           4,    1.420000e-02,  6.591622e+01,  3.120067e+01,  6.068093e+00,  2.012205e+01,  1.428415e+06,  1.403420e+01,  3.111051e+01,  0.000000e+00,  3.111051e+01,  6.397747e-06,  3.81710788e+00
  4.05364490e+00,  1.26019607e-05,  3.56182900e+00,           4,    1.420000e-02,  6.591622e+01,  3.120059e+01,  6.020705e+00,  2.012205e+01,  1.428110e+06,  1.408856e+01,  3.111067e+01,  0.000000e+00,  3.111067e+01,  6.253242e-06,  3.81710788e+00
  4.05365750e+00,  1.26019607e-05,  3.56184161e+00,           4,    1.420000e-02,  6.591622e+01,  3.120052e+01,  5.974165e+00,  2.012205e+01,  1.427804e+06,  1.414258e+01,  3.111084e+01,  0.000000e+00,  3.111084e+01,  6.112561e-06,  3.81710788e+00
  4.05367010e+00,  1.26019607e-05,  3.56185421e+00,           4,    1.420000e-02,  6.591622e+01,  3.120044e+01,  5.928448e+00,  2.012205e+01,  1.427499e+06,  1.419624e+01,  3.111100e+01,  0.000000e+00,  3.111100e+01,  5.975586e-06,  3.81710788e+00
  4.05368271e+00,  1.26019607e-05,  3.56186681e+00,           4,    1.420000e-02,  6.591622e+01,  3.120037e+01,  5.883529e+00,  2.012205e+01,  1.427193e+06,  1.424957e+01,  3.111117e+01,  0.000000e+00,  3.111117e+01,  5.842203e-06,  3.81710788e+00
  4.05369531e+00,  1.26019607e-05,  3.56187941e+00,           4,    1.420000e-02,  6.591622e+01,  3.120030e+01,  5.839387e+00,  2.012205e+01,  1.426886e+06,  1.430256e+01,  3.111134e+01,  0.000000e+00,  3.111134e+01,  5.712302e-06,  3.81710788e+00
  4.05370791e+00,  1.26019607e-05,  3.56189201e+00,           4,    1.420000e-02,  6.591622e+01,  3.120022e+01,  5.795998e+00,  2.012205e+01,  1.426580e+06,  1.435522e+01,  3.111150e+01,  0.000000e+00,  3.111150e+01,  5.585775e-06,  3.81710788e+00
  4.05372051e+00,  1.26019607e-05,  3.56190462e+00,           4,    1.420000e-02,  6.591622e+01,  3.120016e+01,  5.753341e+00,  2.012205e+01,  1.426273e+06,  1.440757e+01,  3.111167e+01,  0.000000e+00,  3.111167e+01,  5.462520e-06,  3.81710788e+00
  4.05373311e+00,  1.26019607e-05,  3.56191722e+00,           4,    1.420000e-02,  6.591622e+01,  3.120009e+01,  5.711396e+00,  2.012205e+01,  1.425966e+06,  1.445960e+01,  3.111183e+01,  0.000000e+00,  3.111183e+01,  5.342439e-06,  3.81710788e+00
  4.05374572e+00,  1.26019607e-05,  3.56192982e+00,           4,    1.420000e-02,  6.591622e+01,  3.120002e+01,  5.670142e+00,  2.012205e+01,  1.425658e+06,  1.451132e+01,  3.111200e+01,  0.000000e+00,  3.111200e+01,  5.225434e-06,  3.81710788e+00
  4.05375832e+00,  1.26019607e-05,  3.56194242e+00,           4,    1.420000e-02,  6.591622e+01,  3.119996e+01,  5.629562e+00,  2.012205e+01,  1.425350e+06,  1.456274e+01,  3.111217e+01,  0.000000e+00,  3.111217e+01,  5.111414e-06,  3.81710788e+00
  4.05377092e+00,  1.26019607e-05,  3.56195502e+00,           4,    1.420000e-02,  6.591622e+01,  3.119990e+01,  5.589636e+00,  2.012205e+01,  1.425042e+06,  1.461387e+01,  3.111233e+01,  0.000000e+00,  3.111233e+01,  5.000290e-06,  3.81710788e+00
  4.05378352e+00,  1.26019607e-05,  3.56196763e+00,           4,    1.420000e-02,  6.591622e+01,  3.119983e+01,  5.550347e+00,  2.012205e+01,  1.424733e+06,  1.466471e+01,  3.111250e+01,  0.000000e+00,  3.111250e+01,  4.891974e-06,  3.81710788e+00
  4.05379612e+00,  1.26019607e-05,  3.56198023e+00,           4,    1.420000e-02,  6.591622e+01,  3.119977e+01,  5.511678e+00,  2.012205e+01,  1.424424e+06,  1.471526e+01,  3.111266e+01,  0.000000e+00,  3.111266e+01,  4.786385e-06,  3.81710788e+00
  4.05380872e+00,  1.26019607e-05,  3.56199283e+00,           4,    1.420000e-02,  6.591622e+01,  3.119971e+01,  5.473613e+00,  2.012205e+01,  1.424114e+06,  1.476553e+01,  3.111283e+01,  0.000000e+00,  3.111283e+01,  4.683442e-06,  3.81710788e+00
  4.05382133e+00,  1.26019607e-05,  3.56200543e+00,           4,    1.420000e-02,  6.591622e+01,  3.119966e+01,  5.436136e+00,  2.012205e+01,  1.423804e+06,  1.481554e+01,  3.111300e+01,  0.000000e+00,  3.111300e+01,  4.583067e-06,  3.81710788e+00
  4.05383393e+00,  1.26019607e-05,  3.56201803e+00,           4,    1.420000e-02,  6.591622e+01,  3.119960e+01,  5.399231e+00,  2.012205e+01,  1.423493e+06,  1.486527e+01,  3.111316e+01,  0.000000e+00,  3.111316e+01,  4.485185e-06,  3.81710788e+00
  4.05384653e+00,  1.26019607e-05,  3.56203064e+00,           4,    1.420000e-02,  6.591622e+01,  3.119954e+01,  5.362885e+00,  2.012205e+01,  1.423182e+06,  1.491475e+01,  3.111333e+01,  0.000000e+00,  3.111333e+01,  4.389724e-06,  3.81710788e+00
  4.05385913e+00,  1.26019607e-05,  3.56204324e+00,           4,    1.420000e-02,  6.591622e+01,  3.119949e+01,  5.327084e+00,  2.012205e+01,  1.422870e+06,  1.496396e+01,  3.111349e+01,  0.000000e+00,  3.111349e+01,  4.296614e-06,  3.81710788e+00
  4.05387173e+00,  1.26019607e-05,  3.56205584e+00,           4,    1.420000e-02,  6.591622e+01,  3.119944e+01,  5.291813e+00,  2.012205e+01,  1.422558e+06,  1.501292e+01,  3.111366e+01,  0.000000e+00,  3.111366e+01,  4.205788e-06,  3.81710788e+00
  4.05388434e+00,  1.26019607e-05,  3.56206844e+00,           4,    1.420000e-02,  6.591622e+01,  3.119939e+01,  5.257059e+00,  2.012205e+01,  1.422244e+06,  1.506164e+01,  3.111383e+01,  0.000000e+00,  3.111383e+01,  4.117180e-06,  3.81710788e+00
  4.05389694e+00,  1.26019607e-05,  3.56208104e+00,           4,    1.420000e-02,  6.591622e+01,  3.119933e+01,  5.222810e+00,  2.012205e+01,  1.421931e+06,  1.511011e+01,  3.111399e+01,  0.000000e+00,  3.111399e+01,  4.030726e-06,  3.81710788e+00
  4.05390954e+00,  1.26019607e-05,  3.56209365e+00,           4,    1.420000e-02,  6.591622e+01,  3.119929e+01,  5.189054e+00,  2.012205e+01,  1.421616e+06,  1.515833e+01,  3.111416e+01,  0.000000e+00,  3.111416e+01,  3.946366e-06,  3.81710788e+00
  4.05392214e+00,  1.26019607e-05,  3.56210625e+00,           4,    1.420000e-02,  6.591622e+01,  3.119924e+01,  5.155779e+00,  2.012205e+01,  1.421301e+06,  1.520633e+01,  3.111432e+01,  0.000000e+00,  3.111432e+01,  3.864042e-06,  3.81710788e+00
  4.05393474e+00,  1.26019607e-05,  3.56211885e+00,           4,    1.420000e-02,  6.591622e+01,  3.119919e+01,  5.122973e+00,  2.012205e+01,  1.420985e+06,  1.525409e+01,  3.111449e+01,  0.000000e+00,  3.111449e+01,  3.783695e-06,  3.81710788e+00
  4.05394735e+00,  1.26019607e-05,  3.56213145e+00,           4,    1.420000e-02,  6.591622e+01,  3.119914e+01,  5.090626e+00,  2.012205e+01,  1.420669e+06,  1.530163e+01,  3.111466e+01,  0.000000e+00,  3.111466e+01,  3.705271e-06,  3.81710788e+00
  4.05395995e+00,  1.26019607e-05,  3.56214405e+00,           4,    1.420000e-02,  6.591622e+01,  3.119910e+01,  5.058726e+00,  2.012205e+01,  1.420351e+06,  1.534894e+01,  3.111482e+01,  0.000000e+00,  3.111482e+01,  3.628716e-06,  3.81710788e+00
  4.05397255e+00,  1.26019607e-05,  3.56215666e+00,           4,    1.420000e-02,  6.591622e+01,  3.119905e+01,  5.027264e+00,  2.012205e+01,  1.420033e+06,  1.539603e+01,  3.111499e+01,  0.000000e+00,  3.111499e+01,  3.553978e-06,  3.81710788e+00
  4.05398515e+00,  1.26019607e-05,  3.56216926e+00,           4,    1.420000e-02,  6.591622e+01,  3.119901e+01,  4.996230e+00,  2.012205e+01,  1.419714e+06,  1.544291e+01,  3.111515e+01,  0.000000e+00,  3.111515e+01,  3.481009e-06,  3.81710788e+00
  4.05399775e+00,  1.26019607e-05,  3.56218186e+00,           4,    1.420000e-02,  6.591622e+01,  3.119896e+01,  4.965613e+00,  2.012205e+01,  1.419394e+06,  1.548957e+01,  3.111532e+01,  0.000000e+00,  3.111532e+01,  3.409759e-06,  3.81710788e+00
  4.05401036e+00,  1.26019607e-05,  3.56219446e+00,           4,    1.420000e-02,  6.591622e+01,  3.119892e+01,  4.935406e+00,  2.012205e+01,  1.419074e+06,  1.553602e+01,  3.111549e+01,  0.000000e+00,  3.111549e+01,  3.340181e-06,  3.81710788e+00
  4.05402296e+00,  1.26019607e-05,  3.56220706e+00,           4,    1.420000e-02,  6.591622e+01,  3.119888e+01,  4.905598e+00,  2.012205e+01,  1.418752e+06,  1.558227e+01,  3.111565e+01,  0.000000e+00,  3.111565e+01,  3.272230e-06,  3.81710788e+00
  4.05403556e+00,  1.26019607e-05,  3.56221966e+00,           4,    1.420000e-02,  6.591622e+01,  3.119884e+01,  4.876180e+00,  2.012205e+01,  1.418430e+06,  1.562831e+01,  3.111582e+01,  0.000000e+00,  3.111582e+01,  3.205863e-06,  3.81710788e+00
  4.05404816e+00,  1.26019607e-05,  3.56223227e+00,           4,    1.420000e-02,  6.591622e+01,  3.119880e+01,  4.847146e+00,  2.012205e+01,  1.418107e+06,  1.567416e+01,  3.111598e+01,  0.000000e+00,  3.111598e+01,  3.141036e-06,  3.81710788e+00
  4.05406076e+00,  1.26019607e-05,  3.56224487e+00,           4,    1.420000e-02,  6.591622e+01,  3.119876e+01,  4.818485e+00,  2.012205e+01,  1.417783e+06,  1.571981e+01,  3.111615e+01,  0.000000e+00,  3.111615e+01,  3.077709e-06,  3.81710788e+00
  4.05407337e+00,  1.26019607e-05,  3.56225747e+00,           4,    1.420000e-02,  6.591622e+01,  3.119872e+01,  4.790191e+00,  2.012205e+01,  1.417458e+06,  1.576526e+01,  3.111632e+01,  0.000000e+00,  3.111632e+01,  3.015842e-06,  3.81710788e+00
  4.05408597e+00,  1.26019607e-05,  3.56227007e+00,           4,    1.420000e-02,  6.591622e+01,  3.119869e+01,  4.762256e+00,  2.012205e+01,  1.417132e+06,  1.581052e+01,  3.111648e+01,  0.000000e+00,  3.111648e+01,  2.955395e-06,  3.81710788e+00
  4.05409857e+00,  1.26019607e-05,  3.56228267e+00,           4,    1.420000e-02,  6.591622e+01,  3.119865e+01,  4.734672e+00,  2.012205e+01,  1.416805e+06,  1.585560e+01,  3.111665e+01,  0.000000e+00,  3.111665e+01,  2.896333e-06,  3.81710788e+00
  4.05411117e+00,  1.26019607e-05,  3.56229528e+00,           4,    1.420000e-02,  6.591622e+01,  3.119862e+01,  4.707432e+00,  2.012205e+01,  1.416477e+06,  1.590049e+01,  3.111682e+01,  0.000000e+00,  3.111682e+01,  2.838618e-06,  3.81710788e+00
  4.05412377e+00,  1.26019607e-05,  3.56230788e+00,           4,    1.420000e-02,  6.591622e+01,  3.119858e+01,  4.680528e+00,  2.012205e+01,  1.416148e+06,  1.594519e+01,  3.111698e+01,  0.000000e+00,  3.111698e+01,  2.782215e-06,  3.81710788e+00
  4.05413638e+00,  1.26019607e-05,  3.56232048e+00,           4,    1.420000e-02,  6.591622e+01,  3.119855e+01,  4.653956e+00,  2.012205e+01,  1.415818e+06,  1.598972e+01,  3.111715e+01,  0.000000e+00,  3.111715e+01,  2.727090e-06,  3.81710788e+00
  4.05414898e+00,  1.26019607e-05,  3.56233308e+00,           4,    1.420000e-02,  6.591622e+01,  3.119851e+01,  4.627706e+00,  2.012205e+01,  1.415487e+06,  1.603406e+01,  3.111731e+01,  0.000000e+00,  3.111731e+01,  2.673210e-06,  3.81710788e+00
  4.05416158e+00,  1.26019607e-05,  3.56234568e+00,           4,    1.420000e-02,  6.591622e+01,  3.119848e+01,  4.601774e+00,  2.012205e+01,  1.415155e+06,  1.607823e+01,  3.111748e+01,  0.000000e+00,  3.111748e+01,  2.620543e-06,  3.81710788e+00
  4.05417418e+00,  1.26019607e-05,  3.56235829e+00,           4,    1.420000e-02,  6.591622e+01,  3.119845e+01,  4.576153e+00,  2.012205e+01,  1.414822e+06,  1.612223e+01,  3.111765e+01,  0.000000e+00,  3.111765e+01,  2.569059e-06,  3.81710788e+00
  4.05418678e+00,  1.26019607e-05,  3.56237089e+00,           4,    1.420000e-02,  6.591622e+01,  3.119841e+01,  4.550837e+00,  2.012205e+01,  1.414488e+06,  1.616606e+01,  3.111781e+01,  0.000000e+00,  3.111781e+01,  2.518725e-06,  3.81710788e+00
  4.05419939e+00,  1.26019607e-05,  3.56238349e+00,           4,    1.420000e-02,  6.591622e+01,  3.119838e+01,  4.525821e+00,  2.012205e+01,  1.414152e+06,  1.620971e+01,  3.111798e+01,  0.000000e+00,  3.111798e+01,  2.469514e-06,  3.81710788e+00
  4.05421199e+00,  1.26019607e-05,  3.56239609e+00,           4,    1.420000e-02,  6.591622e+01,  3.119835e+01,  4.501097e+00,  2.012205e+01,  1.413816e+06,  1.625320e+01,  3.111814e+01,  0.000000e+00,  3.111814e+01,  2.421398e-06,  3.81710788e+00
  4.05423719e+00,  2.52039213e-05,  3.56242130e+00,           4,    1.420000e-02,  6.591622e+01,  3.119829e+01,  4.456178e+00,  2.012205e+01,  1.413193e+06,  1.633312e+01,  3.111848e+01,  0.000000e+00,  3.111848e+01,  2.335293e-06,  3.81710788e+00
  4.05424979e+00,  1.26019607e-05,  3.56243390e+00,           4,    1.420000e-02,  6.591622e+01,  3.119827e+01,  4.428683e+00,  2.012205e+01,  1.412800e+06,  1.638260e+01,  3.111864e+01,  0.000000e+00,  3.111864e+01,  2.283431e-06,  3.81710788e+00
  4.05427500e+00,  2.52039213e-05,  3.56245910e+00,           4,    1.420000e-02,  6.591622e+01,  3.119821e+01,  4.385116e+00,  2.012205e+01,  1.412169e+06,  1.646194e+01,  3.111897e+01,  0.000000e+00,  3.111897e+01,  2.202566e-06,  3.81710788e+00
  4.05428760e+00,  1.26019607e-05,  3.56247170e+00,           4,    1.420000e-02,  6.591622e+01,  3.119818e+01,  4.358715e+00,  2.012205e+01,  1.411774e+06,  1.651057e+01,  3.111914e+01,  0.000000e+00,  3.111914e+01,  2.154350e-06,  3.81710788e+00
  4.05431280e+00,  2.52039213e-05,  3.56249691e+00,           4,    1.420000e-02,  6.591622e+01,  3.119813e+01,  4.316439e+00,  2.012205e+01,  1.411133e+06,  1.658934e+01,  3.111947e+01,  0.000000e+00,  3.111947e+01,  2.078376e-06,  3.81710788e+00
  4.05432541e+00,  1.26019607e-05,  3.56250951e+00,           4,    1.420000e-02,  6.591622e+01,  3.119810e+01,  4.291065e+00,  2.012205e+01,  1.410737e+06,  1.663715e+01,  3.111964e+01,  0.000000e+00,  3.111964e+01,  2.033512e-06,  3.81710788e+00
  4.05435061e+00,  2.52039213e-05,  3.56253471e+00,           4,    1.420000e-02,  6.591622e+01,  3.119806e+01,  4.250022e+00,  2.012205e+01,  1.410086e+06,  1.671536e+01,  3.111997e+01,  0.000000e+00,  3.111997e+01,  1.962108e-06,  3.81710788e+00
  4.05436321e+00,  1.26019607e-05,  3.56254732e+00,           4,    1.420000e-02,  6.591622e+01,  3.119803e+01,  4.225612e+00,  2.012205e+01,  1.409688e+06,  1.676239e+01,  3.112014e+01,  0.000000e+00,  3.112014e+01,  1.920328e-06,  3.81710788e+00
  4.05438842e+00,  2.52039213e-05,  3.56257252e+00,           4,    1.420000e-02,  6.591622e+01,  3.119798e+01,  4.185750e+00,  2.012205e+01,  1.409028e+06,  1.684004e+01,  3.112047e+01,  0.000000e+00,  3.112047e+01,  1.853197e-06,  3.81710788e+00
  4.05441362e+00,  2.52039213e-05,  3.56259772e+00,           4,    1.420000e-02,  6.591622e+01,  3.119794e+01,  4.144053e+00,  2.012205e+01,  1.408315e+06,  1.692241e+01,  3.112080e+01,  0.000000e+00,  3.112080e+01,  1.784438e-06,  3.81710788e+00
  4.05443882e+00,  2.52039213e-05,  3.56262293e+00,           4,    1.420000e-02,  6.591622e+01,  3.119790e+01,  4.103231e+00,  2.012205e+01,  1.407597e+06,  1.700422e+01,  3.112113e+01,  0.000000e+00,  3.112113e+01,  1.718571e-06,  3.81710788e+00
  4.05446403e+00,  2.52039213e-05,  3.56264813e+00,           4,    1.420000e-02,  6.591622e+01,  3.119785e+01,  4.063258e+00,  2.012205e+01,  1.406874e+06,  1.708546e+01,  3.112146e+01,  0.000000e+00,  3.112146e+01,  1.655462e-06,  3.81710788e+00
  4.05448923e+00,  2.52039213e-05,  3.56267334e+00,           4,    1.420000e-02,  6.591622e+01,  3.119781e+01,  4.024106e+00,  2.012205e+01,  1.406145e+06,  1.716615e+01,  3.112180e+01,  0.000000e+00,  3.112180e+01,  1.594982e-06,  3.81710788e+00
  4.05451443e+00,  2.52039213e-05,  3.56269854e+00,           4,    1.420000e-02,  6.591622e+01,  3.119778e+01,  3.985749e+00,  2.012205e+01,  1.405410e+06,  1.724629e+01,  3.112213e+01,  0.000000e+00,  3.112213e+01,  1.537009e-06,  3.81710788e+00
  4.05453964e+00,  2.52039213e-05,  3.56272374e+00,           4,    1.420000e-02,  6.591622e+01,  3.119774e+01,  3.948164e+00,  2.012205e+01,  1.404669e+06,  1.732590e+01,  3.112246e+01,  0.000000e+00,  3.112246e+01,  1.481429e-06,  3.81710788e+00
  4.05456484e+00,  2.52039213e-05,  3.56274895e+00,           4,    1.420000e-02,  6.591622e+01,  3.119770e+01,  3.911328e+00,  2.012205e+01,  1.403922e+06,  1.740498e+01,  3.112279e+01,  0.000000e+00,  3.112279e+01,  1.428132e-06,  3.81710788e+00
  4.05459005e+00,  2.52039213e-05,  3.56277415e+00,           4,    1.420000e-02,  6.591622e+01,  3.119767e+01,  3.875219e+00,  2.012205e+01,  1.403168e+06,  1.748354e+01,  3.112312e+01,  0.000000e+00,  3.112312e+01,  1.377015e-06,  3.81710788e+00
  4.05461525e+00,  2.52039213e-05,  3.56279935e+00,           4,    1.420000e-02,  6.591622e+01,  3.119763e+01,  3.839816e+00,  2.012205e+01,  1.402409e+06,  1.756157e+01,  3.112346e+01,  0.000000e+00,  3.112346e+01,  1.327979e-06,  3.81710788e+00
  4.05464045e+00,  2.52039213e-05,  3.56282456e+00,           4,    1.420000e-02,  6.591622e+01,  3.119760e+01,  3.805099e+00,  2.012205e+01,  1.401643e+06,  1.763910e+01,  3.112379e+01,  0.000000e+00,  3.112379e+01,  1.280932e-06,  3.81710788e+00
  4.05466566e+00,  2.52039213e-05,  3.56284976e+00,           4,    1.420000e-02,  6.591622e+01,  3.119757e+01,  3.771049e+00,  2.012205e+01,  1.400871e+06,  1.771611e+01,  3.112412e+01,  0.000000e+00,  3.112412e+01,  1.235784e-06,  3.81710788e+00
  4.05469086e+00,  2.52039213e-05,  3.56287497e+00,           4,    1.420000e-02,  6.591622e+01,  3.119754e+01,  3.737647e+00,  2.012205e+01,  1.400092e+06,  1.779262e+01,  3.112445e+01,  0.000000e+00,  3.112445e+01,  1.192451e-06,  3.81710788e+00
  4.05471607e+00,  2.52039213e-05,  3.56290017e+00,           4,    1.420000e-02,  6.591622e+01,  3.119751e+01,  3.704876e+00,  2.012205e+01,  1.399306e+06,  1.786863e+01,  3.112479e+01,  0.000000e+00,  3.112479e+01,  1.150854e-06,  3.81710788e+00
  4.05474127e+00,  2.52039213e-05,  3.56292537e+00,           4,    1.420000e-02,  6.591622e+01,  3.119748e+01,  3.672720e+00,  2.012205e+01,  1.398514e+06,  1.794414e+01,  3.112512e+01,  0.000000e+00,  3.112512e+01,  1.110917e-06,  3.81710788e+00
  4.05476647e+00,  2.52039213e-05,  3.56295058e+00,           4,    1.420000e-02,  6.591622e+01,  3.119746e+01,  3.641162e+00,  2.012205e+01,  1.397715e+06,  1.801916e+01,  3.112545e+01,  0.000000e+00,  3.112545e+01,  1.072566e-06,  3.81710788e+00
  4.05479168e+00,  2.52039213e-05,  3.56297578e+00,           4,    1.420000e-02,  6.591622e+01,  3.119743e+01,  3.610188e+00,  2.012205e+01,  1.396908e+06,  1.809369e+01,  3.112578e+01,  0.000000e+00,  3.112578e+01,  1.035733e-06,  3.81710788e+00
  4.05481688e+00,  2.52039213e-05,  3.56300099e+00,           4,    1.420000e-02,  6.591622e+01,  3.119741e+01,  3.579781e+00,  2.012205e+01,  1.396095e+06,  1.816772e+01,  3.112611e+01,  0.000000e+00,  3.112611e+01,  1.000353e-06,  3.81710788e+00
  4.05484209e+00,  2.52039213e-05,  3.56302619e+00,           4,    1.420000e-02,  6.591622e+01,  3.119738e+01,  3.549928e+00,  2.012205e+01,  1.395275e+06,  1.824127e+01,  3.112645e+01,  0.000000e+00,  3.112645e+01,  9.663621e-07,  3.81710788e+00
  4.05486729e+00,  2.52039213e-05,  3.56305139e+00,           4,    1.420000e-02,  6.591622e+01,  3.119736e+01,  3.520616e+00,  2.012205e+01,  1.394448e+06,  1.831434e+01,  3.112678e+01,  0.000000e+00,  3.112678e+01,  9.337019e-07,  3.81710788e+00
  4.05489249e+00,  2.52039213e-05,  3.56307660e+00,           4,    1.420000e-02,  6.591622e+01,  3.119733e+01,  3.491831e+00,  2.012205e+01,  1.393613e+06,  1.838692e+01,  3.112711e+01,  0.000000e+00,  3.112711e+01,  9.023153e-07,  3.81710788e+00
  4.05491770e+00,  2.52039213e-05,  3.56310180e+00,           4,    1.420000e-02,  6.591622e+01,  3.119731e+01,  3.463562e+00,  2.012205e+01,  1.392771e+06,  1.845901e+01,  3.112744e+01,  0.000000e+00,  3.112744e+01,  8.721483e-07,  3.81710788e+00
  4.05494290e+00,  2.52039213e-05,  3.56312701e+00,           4,    1.420000e-02,  6.591622e+01,  3.119729e+01,  3.435794e+00,  2.012205e+01,  1.391922e+06,  1.853063e+01,  3.112777e+01,  0.000000e+00,  3.112777e+01,  8.431494e-07,  3.81710788e+00
  4.05496811e+00,  2.52039213e-05,  3.56315221e+00,           4,    1.420000e-02,  6.591622e+01,  3.119727e+01,  3.408518e+00,  2.012205e+01,  1.391065e+06,  1.860176e+01,  3.112811e+01,  0.000000e+00,  3.112811e+01,  8.152693e-07,  3.81710788e+00
  4.05499331e+00,  2.52039213e-05,  3.56317741e+00,           4,    1.420000e-02,  6.591622e+01,  3.119725e+01,  3.381721e+00,  2.012205e+01,  1.390200e+06,  1.867241e+01,  3.112844e+01,  0.000000e+00,  3.112844e+01,  7.884612e-07,  3.81710788e+00
  4.05501851e+00,  2.52039213e-05,  3.56320262e+00,           4,    1.420000e-02,  6.591622e+01,  3.119723e+01,  3.355394e+00,  2.012205e+01,  1.389328e+06,  1.874258e+01,  3.112877e+01,  0.000000e+00,  3.112877e+01,  7.626802e-07,  3.81710788e+00
  4.05504372e+00,  2.52039213e-05,  3.56322782e+00,           4,    1.420000e-02,  6.591622e+01,  3.119721e+01,  3.329525e+00,  2.012205e+01,  1.388448e+06,  1.881227e+01,  3.112910e+01,  0.000000e+00,  3.112910e+01,  7.378836e-07,  3.81710788e+00
  4.05506892e+00,  2.52039213e-05,  3.56325303e+00,           4,    1.420000e-02,  6.591622e+01,  3.119720e+01,  3.304104e+00,  2.012205e+01,  1.387561e+06,  1.888148e+01,  3.112943e+01,  0.000000e+00,  3.112943e+01,  7.140307e-07,  3.81710788e+00
  4.05509412e+00,  2.52039213e-05,  3.56327823e+00,           4,    1.420000e-02,  6.591622e+01,  3.119718e+01,  3.279122e+00,  2.012205e+01,  1.386666e+06,  1.895021e+01,  3.112977e+01,  0.000000e+00,  3.112977e+01,  6.910824e-07,  3.81710788e+00
  4.05511933e+00,  2.52039213e-05,  3.56330343e+00,           4,    1.420000e-02,  6.591622e+01,  3.119716e+01,  3.254570e+00,  2.012205e+01,  1.385762e+06,  1.901846e+01,  3.113010e+01,  0.000000e+00,  3.113010e+01,  6.690016e-07,  3.81710788e+00
  4.05514453e+00,  2.52039213e-05,  3.56332864e+00,           4,    1.420000e-02,  6.591622e+01,  3.119714e+01,  3.230437e+00,  2.012205e+01,  1.384851e+06,  1.908623e+01,  3.113043e+01,  0.000000e+00,  3.113043e+01,  6.477526e-07,  3.81710788e+00
  4.05516974e+00,  2.52039213e-05,  3.56335384e+00,           4,    1.420000e-02,  6.591622e+01,  3.119713e+01,  3.206717e+00,  2.012205e+01,  1.383932e+06,  1.915351e+01,  3.113076e+01,  0.000000e+00,  3.113076e+01,  6.273014e-07,  3.81710788e+00
  4.05519494e+00,  2.52039213e-05,  3.56337905e+00,           4,    1.420000e-02,  6.591622e+01,  3.119711e+01,  3.183399e+00,  2.012205e+01,  1.383005e+06,  1.922031e+01,  3.113109e+01,  0.000000e+00,  3.113109e+01,  6.076157e-07,  3.81710788e+00
  4.05522014e+00,  2.52039213e-05,  3.56340425e+00,           4,    1.420000e-02,  6.591622e+01,  3.119710e+01,  3.160475e+00,  2.012205e+01,  1.382070e+06,  1.928663e+01,  3.113143e+01,  0.000000e+00,  3.113143e+01,  5.886642e-07,  3.81710788e+00
  4.05524535e+00,  2.52039213e-05,  3.56342945e+00,           4,    1.420000e-02,  6.591622e+01,  3.119708e+01,  3.137939e+00,  2.012205e+01,  1.381126e+06,  1.935246e+01,  3.113176e+01,  0.000000e+00,  3.113176e+01,  5.704174e-07,  3.81710788e+00
  4.05527055e+00,  2.52039213e-05,  3.56345466e+00,           4,    1.420000e-02,  6.591622e+01,  3.119707e+01,  3.115781e+00,  2.012205e+01,  1.380175e+06,  1.941780e+01,  3.113209e+01,  0.000000e+00,  3.113209e+01,  5.528467e-07,  3.81710788e+00
  4.05529576e+00,  2.52039213e-05,  3.56347986e+00,           4,    1.420000e-02,  6.591622e+01,  3.119706e+01,  3.093995e+00,  2.012205e+01,  1.379215e+06,  1.948266e+01,  3.113242e+01,  0.000000e+00,  3.113242e+01,  5.359250e-07,  3.81710788e+00
  4.05532096e+00,  2.52039213e-05,  3.56350506e+00,           4,    1.420000e-02,  6.591622e+01,  3.119704e+01,  3.072574e+00,  2.012205e+01,  1.378247e+06,  1.954702e+01,  3.113276e+01,  0.000000e+00,  3.113276e+01,  5.196264e-07,  3.81710788e+00
  4.05534616e+00,  2.52039213e-05,  3.56353027e+00,           4,    1.420000e-02,  6.591622e+01,  3.119703e+01,  3.051510e+00,  2.012205e+01,  1.377271e+06,  1.961090e+01,  3.113309e+01,  0.000000e+00,  3.113309e+01,  5.039258e-07,  3.81710788e+00
  4.05537137e+00,  2.52039213e-05,  3.56355547e+00,           4,    1.420000e-02,  6.591622e+01,  3.119702e+01,  3.030796e+00,  2.012205e+01,  1.376286e+06,  1.967428e+01,  3.113342e+01,  0.000000e+00,  3.113342e+01,  4.887996e-07,  3.81710788e+00
  4.05539657e+00,  2.52039213e-05,  3.56358068e+00,           4,    1.420000e-02,  6.591622e+01,  3.119701e+01,  3.010426e+00,  2.012205e+01,  1.375293e+06,  1.973717e+01,  3.113375e+01,  0.000000e+00,  3.113375e+01,  4.742249e-07,  3.81710788e+00
  4.05542178e+00,  2.52039213e-05,  3.56360588e+00,           4,    1.420000e-02,  6.591622e+01,  3.119700e+01,  2.990393e+00,  2.012205e+01,  1.374292e+06,  1.979956e+01,  3.113408e+01,  0.000000e+00,  3.113408e+01,  4.601798e-07,  3.81710788e+00
  4.05544698e+00,  2.52039213e-05,  3.56363108e+00,           4,    1.420000e-02,  6.591622e+01,  3.119698e+01,  2.970692e+00,  2.012205e+01,  1.373282e+06,  1.986146e+01,  3.113442e+01,  0.000000e+00,  3.113442e+01,  4.466435e-07,  3.81710788e+00
  4.05547218e+00,  2.52039213e-05,  3.56365629e+00,           4,    1.420000e-02,  6.591622e+01,  3.119697e+01,  2.951315e+00,  2.012205e+01,  1.372264e+06,  1.992286e+01,  3.113475e+01,  0.000000e+00,  3.113475e+01,  4.335960e-07,  3.81710788e+00
  4.05549739e+00,  2.52039213e-05,  3.56368149e+00,           4,    1.420000e-02,  6.591622e+01,  3.119696e+01,  2.932258e+00,  2.012205e+01,  1.371238e+06,  1.998376e+01,  3.113508e+01,  0.000000e+00,  3.113508e+01,  4.210181e-07,  3.81710788e+00
  4.05552259e+00,  2.52039213e-05,  3.56370670e+00,           4,    1.420000e-02,  6.591622e+01,  3.119695e+01,  2.913514e+00,  2.012205e+01,  1.370203e+06,  2.004415e+01,  3.113541e+01,  0.000000e+00,  3.113541e+01,  4.088913e-07,  3.81710788e+00
  4.05554780e+00,  2.52039213e-05,  3.56373190e+00,           4,    1.420000e-02,  6.591622e+01,  3.119694e+01,  2.895078e+00,  2.012205e+01,  1.369160e+06,  2.010404e+01,  3.113574e+01,  0.000000e+00,  3.113574e+01,  3.971982e-07,  3.81710788e+00
  4.05557300e+00,  2.52039213e-05,  3.56375710e+00,           4,    1.420000e-02,  6.591622e+01,  3.119693e+01,  2.876944e+00,  2.012205e+01,  1.368108e+06,  2.016343e+01,  3.113608e+01,  0.000000e+00,  3.113608e+01,  3.859219e-07,  3.81710788e+00
  4.05559820e+00,  2.52039213e-05,  3.56378231e+00,           4,    1.420000e-02,  6.591622e+01,  3.119692e+01,  2.859108e+00,  2.012205e+01,  1.367048e+06,  2.022231e+01,  3.113641e+01,  0.000000e+00,  3.113641e+01,  3.750461e-07,  3.81710788e+00
  4.05562341e+00,  2.52039213e-05,  3.56380751e+00,           4,    1.420000e-02,  6.591622e+01,  3.119691e+01,  2.841563e+00,  2.012205e+01,  1.365980e+06,  2.028067e+01,  3.113674e+01,  0.000000e+00,  3.113674e+01,  3.645554e-07,  3.81710788e+00
  4.05564861e+00,  2.52039213e-05,  3.56383272e+00,           4,    1.420000e-02,  6.591622e+01,  3.119690e+01,  2.824305e+00,  2.012205e+01,  1.364903e+06,  2.033853e+01,  3.113707e+01,  0.000000e+00,  3.113707e+01,  3.544351e-07,  3.81710788e+00
  4.05567381e+00,  2.52039213e-05,  3.56385792e+00,           4,    1.420000e-02,  6.591622e+01,  3.119690e+01,  2.807329e+00,  2.012205e+01,  1.363818e+06,  2.039588e+01,  3.113740e+01,  0.000000e+00,  3.113740e+01,  3.446707e-07,  3.81710788e+00
  4.05569902e+00,  2.52039213e-05,  3.56388312e+00,           4,    1.420000e-02,  6.591622e+01,  3.119689e+01,  2.790631e+00,  2.012205e+01,  1.362724e+06,  2.045271e+01,  3.113774e+01,  0.000000e+00,  3.113774e+01,  3.352487e-07,  3.81710788e+00
  4.05572422e+00,  2.52039213e-05,  3.56390833e+00,           4,    1.420000e-02,  6.591622e+01,  3.119688e+01,  2.774204e+00,  2.012205e+01,  1.361622e+06,  2.050902e+01,  3.113807e+01,  0.000000e+00,  3.113807e+01,  3.261560e-07,  3.81710788e+00
  4.05574943e+00,  2.52039213e-05,  3.56393353e+00,           4,    1.420000e-02,  6.591622e+01,  3.119687e+01,  2.758046e+00,  2.012205e+01,  1.360512e+06,  2.056482e+01,  3.113840e+01,  0.000000e+00,  3.113840e+01,  3.173801e-07,  3.81710788e+00
  4.05577463e+00,  2.52039213e-05,  3.56395874e+00,           4,    1.420000e-02,  6.591622e+01,  3.119686e+01,  2.742151e+00,  2.012205e+01,  1.359393e+06,  2.062009e+01,  3.113873e+01,  0.000000e+00,  3.113873e+01,  3.089089e-07,  3.81710788e+00
  4.05579983e+00,  2.52039213e-05,  3.56398394e+00,           4,    1.420000e-02,  6.591622e+01,  3.119686e+01,  2.726516e+00,  2.012205e+01,  1.358267e+06,  2.067484e+01,  3.113906e+01,  0.000000e+00,  3.113906e+01,  3.007308e-07,  3.81710788e+00
  4.05582504e+00,  2.52039213e-05,  3.56400914e+00,           4,    1.420000e-02,  6.591622e+01,  3.119685e+01,  2.711135e+00,  2.012205e+01,  1.357132e+06,  2.072907e+01,  3.113940e+01,  0.000000e+00,  3.113940e+01,  2.928348e-07,  3.81710788e+00
  4.05585024e+00,  2.52039213e-05,  3.56403435e+00,           4,    1.420000e-02,  6.591622e+01,  3.119684e+01,  2.696005e+00,  2.012205e+01,  1.355989e+06,  2.078278e+01,  3.113973e+01,  0.000000e+00,  3.113973e+01,  2.852103e-07,  3.81710788e+00
  4.05587545e+00,  2.52039213e-05,  3.56405955e+00,           4,    1.420000e-02,  6.591622e+01,  3.119683e+01,  2.681122e+00,  2.012205e+01,  1.354838e+06,  2.083596e+01,  3.114006e+01,  0.000000e+00,  3.114006e+01,  2.778470e-07,  3.81710788e+00
  4.05590065e+00,  2.52039213e-05,  3.56408475e+00,           4,    1.420000e-02,  6.591622e+01,  3.119683e+01,  2.666482e+00,  2.012205e+01,  1.353679e+06,  2.088861e+01,  3.114039e+01,  0.000000e+00,  3.114039e+01,  2.707352e-07,  3.81710788e+00
  4.05592585e+00,  2.52039213e-05,  3.56410996e+00,           4,    1.420000e-02,  6.591622e+01,  3.119682e+01,  2.652080e+00,  2.012205e+01,  1.352512e+06,  2.094074e+01,  3.114073e+01,  0.000000e+00,  3.114073e+01,  2.638655e-07,  3.81710788e+00
  4.05595106e+00,  2.52039213e-05,  3.56413516e+00,           4,    1.420000e-02,  6.591622e+01,  3.119681e+01,  2.637914e+00,  2.012205e+01,  1.351337e+06,  2.099233e+01,  3.114106e+01,  0.000000e+00,  3.114106e+01,  2.572289e-07,  3.81710788e+00
  4.05597626e+00,  2.52039213e-05,  3.56416037e+00,           4,    1.420000e-02,  6.591622e+01,  3.119681e+01,  2.623979e+00,  2.012205e+01,  1.350154e+06,  2.104339e+01,  3.114139e+01,  0.000000e+00,  3.114139e+01,  2.508167e-07,  3.81710788e+00
  4.05600147e+00,  2.52039213e-05,  3.56418557e+00,           4,    1.420000e-02,  6.591622e+01,  3.119680e+01,  2.610272e+00,  2.012205e+01,  1.348964e+06,  2.109391e+01,  3.114172e+01,  0.000000e+00,  3.114172e+01,  2.446206e-07,  3.81710788e+00
  4.05602667e+00,  2.52039213e-05,  3.56421077e+00,           4,    1.420000e-02,  6.591622e+01,  3.119680e+01,  2.596790e+00,  2.012205e+01,  1.347766e+06,  2.114391e+01,  3.114205e+01,  0.000000e+00,  3.114205e+01,  2.386326e-07,  3.81710788e+00
  4.05605187e+00,  2.52039213e-05,  3.56423598e+00,           4,    1.420000e-02,  6.591622e+01,  3.119679e+01,  2.583528e+00,  2.012205e+01,  1.346561e+06,  2.119336e+01,  3.114239e+01,  0.000000e+00,  3.114239e+01,  2.328452e-07,  3.81710788e+00
  4.05610228e+00,  5.04078427e-05,  3.56428639e+00,           4,    1.420000e-02,  6.591622e+01,  3.119678e+01,  2.557869e+00,  2.012205e+01,  1.344149e+06,  2.128986e+01,  3.114305e+01,  0.000000e+00,  3.114305e+01,  2.219327e-07,  3.81710788e+00
  4.05615269e+00,  5.04078427e-05,  3.56433679e+00,           4,    1.420000e-02,  6.591622e+01,  3.119677e+01,  2.532826e+00,  2.012205e+01,  1.341687e+06,  2.138504e+01,  3.114371e+01,  0.000000e+00,  3.114371e+01,  2.116396e-07,  3.81710788e+00
  4.05620310e+00,  5.04078427e-05,  3.56438720e+00,           4,    1.420000e-02,  6.591622e+01,  3.119676e+01,  2.508602e+00,  2.012205e+01,  1.339198e+06,  2.147807e+01,  3.114438e+01,  0.000000e+00,  3.114438e+01,  2.020137e-07,  3.81710788e+00
  4.05625351e+00,  5.04078427e-05,  3.56443761e+00,           4,    1.420000e-02,  6.591622e+01,  3.119675e+01,  2.485173e+00,  2.012205e+01,  1.336681e+06,  2.156893e+01,  3.114504e+01,  0.000000e+00,  3.114504e+01,  1.930075e-07,  3.81710788e+00
  4.05630391e+00,  5.04078427e-05,  3.56448802e+00,           4,    1.420000e-02,  6.591622e+01,  3.119674e+01,  2.462516e+00,  2.012205e+01,  1.334140e+06,  2.165762e+01,  3.114571e+01,  0.000000e+00,  3.114571e+01,  1.845776e-07,  3.81710788e+00
  4.05635432e+00,  5.04078427e-05,  3.56453843e+00,           4,    1.420000e-02,  6.591622e+01,  3.119673e+01,  2.440608e+00,  2.012205e+01,  1.331574e+06,  2.174415e+01,  3.114637e+01,  0.000000e+00,  3.114637e+01,  1.766835e-07,  3.81710788e+00
  4.05640473e+00,  5.04078427e-05,  3.56458883e+00,           4,    1.420000e-02,  6.591622e+01,  3.119672e+01,  2.419427e+00,  2.012205e+01,  1.328986e+06,  2.182850e+01,  3.114704e+01,  0.000000e+00,  3.114704e+01,  1.692880e-07,  3.81710788e+00
  4.05645514e+00,  5.04078427e-05,  3.56463924e+00,           4,    1.420000e-02,  6.591622e+01,  3.119671e+01,  2.398952e+00,  2.012205e+01,  1.326377e+06,  2.191068e+01,  3.114770e+01,  0.000000e+00,  3.114770e+01,  1.623567e-07,  3.81710788e+00
  4.05650554e+00,  5.04078427e-05,  3.56468965e+00,           4,    1.420000e-02,  6.591622e+01,  3.119671e+01,  2.379165e+00,  2.012205e+01,  1.323748e+06,  2.199070e+01,  3.114836e+01,  0.000000e+00,  3.114836e+01,  1.558578e-07,  3.81710788e+00
  4.05655595e+00,  5.04078427e-05,  3.56474006e+00,           4,    1.420000e-02,  6.591622e+01,  3.119670e+01,  2.360044e+00,  2.012205e+01,  1.321102e+06,  2.206856e+01,  3.114903e+01,  0.000000e+00,  3.114903e+01,  1.497618e-07,  3.81710788e+00
  4.05660636e+00,  5.04078427e-05,  3.56479046e+00,           4,    1.420000e-02,  6.591622e+01,  3.119669e+01,  2.341572e+00,  2.012205e+01,  1.318440e+06,  2.214427e+01,  3.114969e+01,  0.000000e+00,  3.114969e+01,  1.440416e-07,  3.81710788e+00
  4.05665677e+00,  5.04078427e-05,  3.56484087e+00,           4,    1.420000e-02,  6.591622e+01,  3.119668e+01,  2.323730e+00,  2.012205e+01,  1.315764e+06,  2.221783e+01,  3.115036e+01,  0.000000e+00,  3.115036e+01,  1.386719e-07,  3.81710788e+00
  4.05670718e+00,  5.04078427e-05,  3.56489128e+00,           4,    1.420000e-02,  6.591622e+01,  3.119668e+01,  2.306501e+00,  2.012205e+01,  1.313077e+06,  2.228926e+01,  3.115102e+01,  0.000000e+00,  3.115102e+01,  1.336293e-07,  3.81710788e+00
  4.05675758e+00,  5.04078427e-05,  3.56494169e+00,           4,    1.420000e-02,  6.591622e+01,  3.119667e+01,  2.289868e+00,  2.012205e+01,  1.310380e+06,  2.235857e+01,  3.115168e+01,  0.000000e+00,  3.115168e+01,  1.288922e-07,  3.81710788e+00
  4.05680799e+00,  5.04078427e-05,  3.56499210e+00,           4,    1.420000e-02,  6.591622e+01,  3.119666e+01,  2.273815e+00,  2.012205e+01,  1.307676e+06,  2.242578e+01,  3.115235e+01,  0.000000e+00,  3.115235e+01,  1.244407e-07,  3.81710788e+00
  4.05685840e+00,  5.04078427e-05,  3.56504250e+00,           4,    1.420000e-02,  6.591622e+01,  3.119666e+01,  2.258326e+00,  2.012205e+01,  1.304968e+06,  2.249089e+01,  3.115301e+01,  0.000000e+00,  3.115301e+01,  1.202560e-07,  3.81710788e+00
  4.05690881e+00,  5.04078427e-05,  3.56509291e+00,           4,    1.420000e-02,  6.591622e+01,  3.119665e+01,  2.243386e+00,  2.012205e+01,  1.302257e+06,  2.255393e+01,  3.115368e+01,  0.000000e+00,  3.115368e+01,  1.163210e-07,  3.81710788e+00
  4.05695921e+00,  5.04078427e-05,  3.56514332e+00,           4,    1.420000e-02,  6.591622e+01,  3.119665e+01,  2.228979e+00,  2.012205e+01,  1.299547e+06,  2.261492e+01,  3.115434e+01,  0.000000e+00,  3.115434e+01,  1.126196e-07,  3.81710788e+00
  4.05700962e+00,  5.04078427e-05,  3.56519373e+00,           4,    1.420000e-02,  6.591622e+01,  3.119664e+01,  2.215092e+00,  2.012205e+01,  1.296840e+06,  2.267388e+01,  3.115501e+01,  0.000000e+00,  3.115501e+01,  1.091371e-07,  3.81710788e+00
  4.05706003e+00,  5.04078427e-05,  3.56524414e+00,           4,    1.420000e-02,  6.591622e+01,  3.119664e+01,  2.201710e+00,  2.012205e+01,  1.294140e+06,  2.273082e+01,  3.115567e+01,  0.000000e+00,  3.115567e+01,  1.058596e-07,  3.81710788e+00
  4.05711044e+00,  5.04078427e-05,  3.56529454e+00,           4,    1.420000e-02,  6.591622e+01,  3.119663e+01,  2.188821e+00,  2.012205e+01,  1.291448e+06,  2.278579e+01,  3.115633e+01,  0.000000e+00,  3.115633e+01,  1.027743e-07,  3.81710788e+00
  4.05716085e+00,  5.04078427e-05,  3.56534495e+00,           4,    1.420000e-02,  6.591622e+01,  3.119663e+01,  2.176410e+00,  2.012205e+01,  1.288768e+06,  2.283880e+01,  3.115700e+01,  0.000000e+00,  3.115700e+01,  9.986936e-08,  3.81710788e+00
  4.05721125e+00,  5.04078427e-05,  3.56539536e+00,           4,    1.420000e-02,  6.591622e+01,  3.119662e+01,  2.164465e+00,  2.012205e+01,  1.286102e+06,  2.288988e+01,  3.115766e+01,  0.000000e+00,  3.115766e+01,  9.713365e-08,  3.81710788e+00
  4.05726166e+00,  5.04078427e-05,  3.56544577e+00,           4,    1.420000e-02,  6.591622e+01,  3.119662e+01,  2.152974e+00,  2.012205e+01,  1.283455e+06,  2.293906e+01,  3.115833e+01,  0.000000e+00,  3.115833e+01,  9.455688e-08,  3.81710788e+00
  4.05731207e+00,  5.04078427e-05,  3.56549617e+00,           4,    1.420000e-02,  6.591622e+01,  3.119661e+01,  2.141925e+00,  2.012205e+01,  1.280828e+06,  2.298638e+01,  3.115899e+01,  0.000000e+00,  3.115899e+01,  9.212947e-08,  3.81710788e+00
  4.05741289e+00,  1.00815685e-04,  3.56559699e+00,           4,    1.420000e-02,  6.591622e+01,  3.119660e+01,  2.121171e+00,  2.012205e+01,  1.275667e+06,  2.307525e+01,  3.116032e+01,  0.000000e+00,  3.116032e+01,  8.770179e-08,  3.81710788e+00
  4.05751370e+00,  1.00815685e-04,  3.56569781e+00,           4,    1.420000e-02,  6.591622e+01,  3.119659e+01,  2.101972e+00,  2.012205e+01,  1.270607e+06,  2.315738e+01,  3.116165e+01,  0.000000e+00,  3.116165e+01,  8.375604e-08,  3.81710788e+00
  4.05761452e+00,  1.00815685e-04,  3.56579862e+00,           4,    1.420000e-02,  6.591622e+01,  3.119659e+01,  2.084316e+00,  2.012205e+01,  1.265692e+06,  2.323273e+01,  3.116298e+01,  0.000000e+00,  3.116298e+01,  8.025257e-08,  3.81710788e+00
  4.05771533e+00,  1.00815685e-04,  3.56589944e+00,           4,    1.420000e-02,  6.591622e+01,  3.119658e+01,  2.068121e+00,  2.012205e+01,  1.260944e+06,  2.330162e+01,  3.116430e+01,  0.000000e+00,  3.116430e+01,  7.714256e-08,  3.81710788e+00
  4.05781615e+00,  1.00815685e-04,  3.56600025e+00,           4,    1.420000e-02,  6.591622e+01,  3.119657e+01,  2.053308e+00,  2.012205e+01,  1.256388e+06,  2.336436e+01,  3.116563e+01,  0.000000e+00,  3.116563e+01,  7.438337e-08,  3.81710788e+00
  4.05791696e+00,  1.00815685e-04,  3.56610107e+00,           4,    1.420000e-02,  6.591622e+01,  3.119656e+01,  2.039804e+00,  2.012205e+01,  1.252042e+06,  2.342128e+01,  3.116696e+01,  0.000000e+00,  3.116696e+01,  7.193768e-08,  3.81710788e+00
  4.05801778e+00,  1.00815685e-04,  3.56620188e+00,           4,    1.420000e-02,  6.591622e+01,  3.119656e+01,  2.027534e+00,  2.012205e+01,  1.247928e+06,  2.347271e+01,  3.116829e+01,  0.000000e+00,  3.116829e+01,  6.977273e-08,  3.81710788e+00
  4.05811860e+00,  1.00815685e-04,  3.56630270e+00,           4,    1.420000e-02,  6.591622e+01,  3.119655e+01,  2.016432e+00,  2.012205e+01,  1.244060e+06,  2.351898e+01,  3.116962e+01,  0.000000e+00,  3.116962e+01,  6.785971e-08,  3.81710788e+00
  4.05832023e+00,  2.01631371e-04,  3.56650433e+00,           4,    1.420000e-02,  6.591622e+01,  3.119654e+01,  1.997502e+00,  2.012205e+01,  1.237135e+06,  2.359721e+01,  3.117227e+01,  0.000000e+00,  3.117227e+01,  6.469755e-08,  3.81710788e+00
  4.05852186e+00,  2.01631371e-04,  3.56670596e+00,           4,    1.420000e-02,  6.591622e+01,  3.119652e+01,  1.982410e+00,  2.012205e+01,  1.231306e+06,  2.365891e+01,  3.117493e+01,  0.000000e+00,  3.117493e+01,  6.226452e-08,  3.81710788e+00
  4.05872349e+00,  2.01631371e-04,  3.56690759e+00,           4,    1.420000e-02,  6.591622e+01,  3.119651e+01,  1.970728e+00,  2.012205e+01,  1.226615e+06,  2.370630e+01,  3.117759e+01,  0.000000e+00,  3.117759e+01,  6.043351e-08,  3.81710788e+00
  4.05912675e+00,  4.03262741e-04,  3.56731086e+00,           4,    1.420000e-02,  6.591622e+01,  3.119649e+01,  1.955800e+00,  2.012205e+01,  1.220493e+06,  2.376685e+01,  3.118290e+01,  0.000000e+00,  3.118290e+01,  5.815626e-08,  3.81710788e+00
  4.05993328e+00,  8.06525483e-04,  3.56811738e+00,           4,    1.420000e-02,  6.591622e+01,  3.119644e+01,  1.947536e+00,  2.012205e+01,  1.217792e+06,  2.380403e+01,  3.119353e+01,  0.000000e+00,  3.119353e+01,  5.690766e-08,  3.81710788e+00
  1.99791952e-01,  8.06525483e-04,  3.56892391e+00,           7,    1.420000e-02,  3.112328e+01,  3.112328e+01,  1.947963e+00,  2.012205e+01,  1.219223e+06,  2.380461e+01,  3.120415e+01,  0.000000e+00,  3.120415e+01,  1.002783e-04,  3.81710788e+00
  2.03959865e-01,  3.10369094e-03,  3.57202760e+00,           7,    1.420000e-02,  3.081230e+01,  3.081230e+01,  1.945822e+00,  2.012205e+01,  1.218566e+06,  2.381830e+01,  0.000000e+00,  0.000000e+00,  3.112328e+01,  1.001973e-04,  3.81710788e+00
  2.08103876e-01,  3.07516300e-03,  3.57510276e+00,           7,    1.420000e-02,  3.050947e+01,  3.050947e+01,  1.935635e+00,  2.012205e+01,  1.204557e+06,  2.381196e+01,  0.000000e+00,  0.000000e+00,  3.081230e+01,  9.847442e-05,  3.81710788e+00
  2.12293684e-01,  3.09821271e-03,  3.57820097e+00,           7,    1.420000e-02,  3.020953e+01,  3.020953e+01,  1.925644e+00,  2.012205e+01,  1.190962e+06,  2.380601e+01,  0.000000e+00,  0.000000e+00,  3.050947e+01,  9.681201e-05,  3.81710788e+00
  2.16528337e-01,  3.12043159e-03,  3.58132141e+00,           7,    1.420000e-02,  2.991255e+01,  2.991255e+01,  1.915663e+00,  2.012205e+01,  1.177477e+06,  2.380009e+01,  0.000000e+00,  0.000000e+00,  3.020953e+01,  9.517237e-05,  3.81710788e+00
  2.20808468e-01,  3.14298662e-03,  3.58446439e+00,           7,    1.420000e-02,  2.961850e+01,  2.961850e+01,  1.905691e+00,  2.012205e+01,  1.164107e+06,  2.379425e+01,  0.000000e+00,  0.000000e+00,  2.991255e+01,  9.355603e-05,  3.81710788e+00
  2.25134681e-01,  3.16585710e-03,  3.58763025e+00,           7,    1.420000e-02,  2.932736e+01,  2.932736e+01,  1.895723e+00,  2.012205e+01,  1.150853e+06,  2.378852e+01,  0.000000e+00,  0.000000e+00,  2.961850e+01,  9.196272e-05,  3.81710788e+00
  2.29507594e-01,  3.18904883e-03,  3.59081930e+00,           7,    1.420000e-02,  2.903910e+01,  2.903910e+01,  1.885754e+00,  2.012205e+01,  1.137712e+06,  2.378294e+01,  0.000000e+00,  0.000000e+00,  2.932736e+01,  9.039219e-05,  3.81710788e+00
  2.33927836e-01,  3.21256711e-03,  3.59403187e+00,           7,    1.420000e-02,  2.875368e+01,  2.875368e+01,  1.875777e+00,  2.012205e+01,  1.124686e+06,  2.377755e+01,  0.000000e+00,  0.000000e+00,  2.903910e+01,  8.884416e-05,  3.81710788e+00
  2.38396044e-01,  3.23641739e-03,  3.59726828e+00,           7,    1.420000e-02,  2.847108e+01,  2.847108e+01,  1.865787e+00,  2.012205e+01,  1.111772e+06,  2.377239e+01,  0.000000e+00,  0.000000e+00,  2.875368e+01,  8.731839e-05,  3.81710788e+00
  2.42912868e-01,  3.26060522e-03,  3.60052889e+00,           7,    1.420000e-02,  2.819127e+01,  2.819127e+01,  1.855777e+00,  2.012205e+01,  1.098971e+06,  2.376751e+01,  0.000000e+00,  0.000000e+00,  2.847108e+01,  8.581462e-05,  3.81710788e+00
  2.47478970e-01,  3.28513626e-03,  3.60381402e+00,           7,    1.420000e-02,  2.791423e+01,  2.791423e+01,  1.845741e+00,  2.012205e+01,  1.086281e+06,  2.376294e+01,  0.000000e+00,  0.000000e+00,  2.819127e+01,  8.433260e-05,  3.81710788e+00
  2.52095022e-01,  3.31001632e-03,  3.60712404e+00,           7,    1.420000e-02,  2.763992e+01,  2.763992e+01,  1.835672e+00,  2.012205e+01,  1.073703e+06,  2.375875e+01,  0.000000e+00,  0.000000e+00,  2.791423e+01,  8.287208e-05,  3.81710788e+00
  2.56761710e-01,  3.33525131e-03,  3.61045929e+00,           7,    1.420000e-02,  2.736832e+01,  2.736832e+01,  1.825562e+00,  2.012205e+01,  1.061235e+06,  2.375497e+01,  0.000000e+00,  0.000000e+00,  2.763992e+01,  8.143280e-05,  3.81710788e+00
  2.61479729e-01,  3.36084726e-03,  3.61382014e+00,           7,    1.420000e-02,  2.709940e+01,  2.709940e+01,  1.815405e+00,  2.012205e+01,  1.048877e+06,  2.375168e+01,  0.000000e+00,  0.000000e+00,  2.736832e+01,  8.001453e-05,  3.81710788e+00
  2.66249789e-01,  3.38681035e-03,  3.61720695e+00,           7,    1.420000e-02,  2.683314e+01,  2.683314e+01,  1.805192e+00,  2.012205e+01,  1.036628e+06,  2.374893e+01,  0.000000e+00,  0.000000e+00,  2.709940e+01,  7.861702e-05,  3.81710788e+00
  2.71072613e-01,  3.41314688e-03,  3.62062010e+00,           7,    1.420000e-02,  2.656951e+01,  2.656951e+01,  1.794914e+00,  2.012205e+01,  1.024488e+06,  2.374679e+01,  0.000000e+00,  0.000000e+00,  2.683314e+01,  7.724002e-05,  3.81710788e+00
  2.75948934e-01,  3.43986328e-03,  3.62405996e+00,           7,    1.420000e-02,  2.630848e+01,  2.630848e+01,  1.784564e+00,  2.012205e+01,  1.012456e+06,  2.374532e+01,  0.000000e+00,  0.000000e+00,  2.656951e+01,  7.588330e-05,  3.81710788e+00
  2.80879502e-01,  3.46696613e-03,  3.62752693e+00,           7,    1.420000e-02,  2.605003e+01,  2.605003e+01,  1.774132e+00,  2.012205e+01,  1.000531e+06,  2.374459e+01,  0.000000e+00,  0.000000e+00,  2.630848e+01,  7.454662e-05,  3.81710788e+00
  2.85865078e-01,  3.49446212e-03,  3.63102139e+00,           7,    1.420000e-02,  2.579413e+01,  2.579413e+01,  1.763608e+00,  2.012205e+01,  9.887129e+05,  2.374469e+01,  0.000000e+00,  0.000000e+00,  2.605003e+01,  7.322973e-05,  3.81710788e+00
  2.90906438e-01,  3.52235812e-03,  3.63454375e+00,           7,    1.420000e-02,  2.554076e+01,  2.554076e+01,  1.752982e+00,  2.012205e+01,  9.770009e+05,  2.374570e+01,  0.000000e+00,  0.000000e+00,  2.579413e+01,  7.193242e-05,  3.81710788e+00
  2.96004372e-01,  3.55066112e-03,  3.63809441e+00,           7,    1.420000e-02,  2.528989e+01,  2.528989e+01,  1.742244e+00,  2.012205e+01,  9.653945e+05,  2.374771e+01,  0.000000e+00,  0.000000e+00,  2.554076e+01,  7.065443e-05,  3.81710788e+00
  3.01159684e-01,  3.57937826e-03,  3.64167379e+00,           7,    1.420000e-02,  2.504150e+01,  2.504150e+01,  1.731382e+00,  2.012205e+01,  9.538929e+05,  2.375081e+01,  0.000000e+00,  0.000000e+00,  2.528989e+01,  6.939555e-05,  3.81710788e+00
  3.06373195e-01,  3.60851686e-03,  3.64528230e+00,           7,    1.420000e-02,  2.479556e+01,  2.479556e+01,  1.720386e+00,  2.012205e+01,  9.424956e+05,  2.375510e+01,  0.000000e+00,  0.000000e+00,  2.504150e+01,  6.815554e-05,  3.81710788e+00
  3.11645739e-01,  3.63808435e-03,  3.64892039e+00,           7,    1.420000e-02,  2.455205e+01,  2.455205e+01,  1.709243e+00,  2.012205e+01,  9.312019e+05,  2.376069e+01,  0.000000e+00,  0.000000e+00,  2.479556e+01,  6.693418e-05,  3.81710788e+00
  3.16978167e-01,  3.66808835e-03,  3.65258848e+00,           7,    1.420000e-02,  2.431094e+01,  2.431094e+01,  1.697939e+00,  2.012205e+01,  9.200112e+05,  2.376770e+01,  0.000000e+00,  0.000000e+00,  2.455205e+01,  6.573124e-05,  3.81710788e+00
  3.22371344e-01,  3.69853663e-03,  3.65628701e+00,           7,    1.420000e-02,  2.407221e+01,  2.407221e+01,  1.686463e+00,  2.012205e+01,  9.089229e+05,  2.377625e+01,  0.000000e+00,  0.000000e+00,  2.431094e+01,  6.454650e-05,  3.81710788e+00
  3.27826154e-01,  3.72943713e-03,  3.66001645e+00,           7,    1.420000e-02,  2.383584e+01,  2.383584e+01,  1.674799e+00,  2.012205e+01,  8.979363e+05,  2.378647e+01,  0.000000e+00,  0.000000e+00,  2.407221e+01,  6.337974e-05,  3.81710788e+00
  3.33343496e-01,  3.76079795e-03,  3.66377725e+00,           7,    1.420000e-02,  2.360180e+01,  2.360180e+01,  1.662934e+00,  2.012205e+01,  8.870509e+05,  2.379850e+01,  0.000000e+00,  0.000000e+00,  2.383584e+01,  6.223075e-05,  3.81710788e+00
  3.38924286e-01,  3.79262739e-03,  3.66756987e+00,           7,    1.420000e-02,  2.337008e+01,  2.337008e+01,  1.650852e+00,  2.012205e+01,  8.762661e+05,  2.381250e+01,  0.000000e+00,  0.000000e+00,  2.360180e+01,  6.109930e-05,  3.81710788e+00
  3.44569459e-01,  3.82493388e-03,  3.67139481e+00,           7,    1.420000e-02,  2.314064e+01,  2.314064e+01,  1.638537e+00,  2.012205e+01,  8.655813e+05,  2.382862e+01,  0.000000e+00,  0.000000e+00,  2.337008e+01,  5.998518e-05,  3.81710788e+00
  3.50279968e-01,  3.85772607e-03,  3.67525253e+00,           7,    1.420000e-02,  2.291346e+01,  2.291346e+01,  1.625972e+00,  2.012205e+01,  8.549957e+05,  2.384704e+01,  0.000000e+00,  0.000000e+00,  2.314064e+01,  5.888817e-05,  3.81710788e+00
  3.56056781e-01,  3.89101278e-03,  3.67914355e+00,           7,    1.420000e-02,  2.268853e+01,  2.268853e+01,  1.613139e+00,  2.012205e+01,  8.445089e+05,  2.386795e+01,  0.000000e+00,  0.000000e+00,  2.291346e+01,  5.780808e-05,  3.81710788e+00
  3.61900890e-01,  3.92480301e-03,  3.68306835e+00,           7,    1.420000e-02,  2.246582e+01,  2.246582e+01,  1.600021e+00,  2.012205e+01,  8.341202e+05,  2.389155e+01,  0.000000e+00,  0.000000e+00,  2.268853e+01,  5.674468e-05,  3.81710788e+00
  3.67813301e-01,  3.95910597e-03,  3.68702746e+00,           7,    1.420000e-02,  2.224531e+01,  2.224531e+01,  1.586597e+00,  2.012205e+01,  8.238290e+05,  2.391806e+01,  0.000000e+00,  0.000000e+00,  2.246582e+01,  5.569777e-05,  3.81710788e+00
  3.73795045e-01,  3.99393104e-03,  3.69102139e+00,           7,    1.420000e-02,  2.202697e+01,  2.202697e+01,  1.572849e+00,  2.012205e+01,  8.136348e+05,  2.394771e+01,  0.000000e+00,  0.000000e+00,  2.224531e+01,  5.466715e-05,  3.81710788e+00
  3.79847168e-01,  4.02928783e-03,  3.69505068e+00,           7,    1.420000e-02,  2.181079e+01,  2.181079e+01,  1.558753e+00,  2.012205e+01,  8.035369e+05,  2.398075e+01,  0.000000e+00,  0.000000e+00,  2.202697e+01,  5.365262e-05,  3.81710788e+00
  3.85970740e-01,  4.06518613e-03,  3.69911586e+00,           7,    1.420000e-02,  2.159674e+01,  2.159674e+01,  1.544290e+00,  2.012205e+01,  7.935347e+05,  2.401746e+01,  0.000000e+00,  0.000000e+00,  2.181079e+01,  5.265396e-05,  3.81710788e+00
  3.92166852e-01,  4.10163596e-03,  3.70321750e+00,           7,    1.420000e-02,  2.138480e+01,  2.138480e+01,  1.529434e+00,  2.012205e+01,  7.836277e+05,  2.405814e+01,  0.000000e+00,  0.000000e+00,  2.159674e+01,  5.167100e-05,  3.81710788e+00
  3.98436616e-01,  4.13864754e-03,  3.70735614e+00,           7,    1.420000e-02,  2.117496e+01,  2.117496e+01,  1.514163e+00,  2.012205e+01,  7.738152e+05,  2.410310e+01,  0.000000e+00,  0.000000e+00,  2.138480e+01,  5.070351e-05,  3.81710788e+00
  4.01596172e-01,  2.08811566e-03,  3.70944426e+00,           7,    1.420000e-02,  2.107132e+01,  2.107132e+01,  1.501943e+00,  2.012205e+01,  7.628858e+05,  2.411505e+01,  0.000000e+00,  0.000000e+00,  2.117496e+01,  4.963311e-05,  3.81710788e+00
  4.08055557e-01,  4.24541589e-03,  3.71368968e+00,           7,    1.420000e-02,  2.086208e+01,  2.086208e+01,  1.490351e+00,  2.012205e+01,  7.593316e+05,  2.418041e+01,  0.000000e+00,  0.000000e+00,  2.107132e+01,  4.928666e-05,  3.81710788e+00
  4.11271441e-01,  2.11640210e-03,  3.71580608e+00,           7,    1.420000e-02,  2.076001e+01,  2.076001e+01,  1.477694e+00,  2.012205e+01,  7.484187e+05,  2.419602e+01,  0.000000e+00,  0.000000e+00,  2.086208e+01,  4.822798e-05,  3.81710788e+00
  4.17848542e-01,  4.30455663e-03,  3.72011063e+00,           7,    1.420000e-02,  2.055386e+01,  2.055386e+01,  1.465330e+00,  2.012205e+01,  7.449133e+05,  2.426938e+01,  0.000000e+00,  0.000000e+00,  2.076001e+01,  4.788955e-05,  3.81710788e+00
  4.18543603e-01,  6.95061546e-04,  3.72080570e+00,           8,    1.420000e-02,  2.055386e+01,  2.052135e+01,  1.455144e+00,  2.012205e+01,  7.333738e+05,  2.425930e+01,  2.055386e+01,  0.000000e+00,  2.055386e+01,  4.678109e-05,  3.81710788e+00
  4.20736942e-01,  2.19333830e-03,  3.72299903e+00,           8,    1.420000e-02,  2.055386e+01,  2.041242e+01,  1.467595e+00,  2.012205e+01,  7.632163e+05,  2.439826e+01,  1.581922e+01,  1.581922e+01,  2.052135e+01,  4.966537e-05,  3.81710788e+00
  0.00000000e+00,  2.19333830e-03,  3.72299903e+00,          14,    1.420000e-02,  0.000000e+00,  1.837117e+01,  7.789378e-05,  2.012205e+01,  1.000000e-10,  3.583015e-01,  0.000000e+00,  0.000000e+00,  0.000000e+00,  4.966537e-05,  3.81710788e+00
